0.2 0.5 0.372
0.1 0.8 0.37
0.3 0.2 0.37
0.2 0.6 0.342
0.1 0.9 0.369
0.3 0.3 0.368
0.2 0.7 0.368
0.1 1.0 0.37
0.3 0.4 0.372
0.1 0.1 0.146
0.2 0.8 0.373
0.3 0.5 0.372
0.2 0.9 0.348
0.3 0.6 0.343
0.2 0.1 0.35
0.1 0.2 0.334
0.2 1.0 0.365
0.3 0.7 0.342
0.2 0.2 0.334
0.3 0.8 0.368
0.3 0.1 0.362
0.1 0.3 0.352
0.3 0.9 0.366
0.2 0.3 0.353
0.4 0.6 0.344
0.3 1.0 0.365
0.1 0.4 0.352
0.2 0.4 0.372
0.4 0.7 0.362
0.4 0.1 0.364
0.5 0.3 0.367
0.4 0.8 0.369
0.1 0.5 0.371
0.4 0.9 0.366
0.5 0.4 0.35
0.4 0.2 0.365
0.1 0.6 0.35
0.5 0.5 0.372
0.4 1.0 0.365
0.4 0.3 0.367
0.5 0.6 0.37
0.1 0.7 0.371
0.5 0.1 0.347
0.4 0.4 0.346
0.5 0.7 0.369
0.5 1.0 0.344
0.4 0.5 0.369
0.5 0.2 0.327
0.5 0.8 0.344
0.6 0.7 0.425
0.6 0.1 0.403
0.7 0.4 0.42
0.5 0.9 0.335
0.6 0.8 0.424
0.7 0.5 0.402
0.6 0.2 0.411
0.8 0.1 0.403
0.6 0.9 0.385
0.7 0.6 0.421
0.6 0.3 0.38
0.8 0.2 0.377
0.7 0.7 0.397
0.6 1.0 0.395
0.6 0.4 0.373
0.8 0.3 0.383
0.7 0.8 0.418
0.7 0.1 0.381
0.6 0.5 0.375
0.8 0.4 0.423
0.7 0.9 0.402
0.7 0.2 0.353
0.6 0.6 0.421
0.8 0.5 0.401
0.7 1.0 0.401
0.7 0.3 0.4
0.8 0.8 0.428
0.8 0.6 0.382
0.9 0.5 0.407
1.0 0.2 0.399
0.8 0.9 0.419
0.8 0.7 0.42
0.9 0.6 0.394
1.0 0.3 0.389
1.0 0.9 0.395
0.9 0.7 0.421
0.8 1.0 0.387
1.0 1.0 0.32
1.0 0.4 0.403
0.9 0.8 0.4
0.9 0.1 0.401
0.9 0.9 0.359
1.0 0.5 0.36
0.9 0.2 0.385
1.0 0.6 0.361
0.9 1.0 0.365
0.9 0.3 0.409
1.0 0.7 0.38
1.0 0.1 0.399
0.9 0.4 0.389
1.0 0.8 0.401
