0.2 0.5 0.4
0.1 0.8 0.308
0.3 0.2 0.232
0.2 0.6 0.412
0.1 0.9 0.316
0.3 0.3 0.411
0.2 0.7 0.389
0.1 1.0 0.123
0.3 0.4 0.427
0.2 0.8 0.385
0.1 0.1 0.075
0.3 0.5 0.423
0.2 0.9 0.383
0.3 0.6 0.427
0.2 0.1 0.173
0.2 1.0 0.385
0.3 0.7 0.424
0.3 0.8 0.418
0.1 0.2 0.1
0.2 0.2 0.236
0.3 0.1 0.221
0.3 0.9 0.415
0.2 0.3 0.208
0.4 0.6 0.426
0.3 1.0 0.375
0.1 0.3 0.14
0.4 0.7 0.427
0.2 0.4 0.163
0.4 0.8 0.141
0.4 0.1 0.186
0.5 0.3 0.411
0.1 0.4 0.228
0.4 0.9 0.135
0.4 0.2 0.353
0.5 0.4 0.372
0.4 1.0 0.415
0.1 0.5 0.251
0.4 0.3 0.391
0.5 0.5 0.424
0.5 0.6 0.423
0.4 0.4 0.431
0.5 0.1 0.153
0.1 0.6 0.145
0.5 0.7 0.139
0.4 0.5 0.138
0.5 0.2 0.366
0.1 0.7 0.346
0.5 0.8 0.257
0.5 1.0 0.26
0.6 0.7 0.139
0.7 0.4 0.422
0.5 0.9 0.419
0.6 0.8 0.126
0.6 0.1 0.317
0.7 0.5 0.419
0.6 0.9 0.42
0.8 0.1 0.344
0.7 0.6 0.419
0.6 0.2 0.397
0.6 1.0 0.135
0.8 0.2 0.379
0.7 0.7 0.258
0.6 0.3 0.411
0.8 0.3 0.409
0.7 0.1 0.341
0.7 0.8 0.417
0.6 0.4 0.134
0.8 0.4 0.411
0.7 0.9 0.414
0.7 0.2 0.401
0.6 0.5 0.427
0.8 0.5 0.136
0.7 1.0 0.411
0.7 0.3 0.354
0.6 0.6 0.425
0.8 0.6 0.413
0.8 0.8 0.372
0.9 0.5 0.366
1.0 0.2 0.395
0.8 0.7 0.372
0.8 0.9 0.364
0.9 0.6 0.412
1.0 0.3 0.133
1.0 0.9 0.358
0.8 1.0 0.412
0.9 0.7 0.138
1.0 0.4 0.407
1.0 1.0 0.405
0.9 0.8 0.132
1.0 0.5 0.134
0.9 0.1 0.343
0.9 0.9 0.407
1.0 0.6 0.412
0.9 0.2 0.406
0.9 1.0 0.412
1.0 0.7 0.367
0.9 0.3 0.358
1.0 0.8 0.406
0.9 0.4 0.414
1.0 0.1 0.152
