0.2 0.5 0.362
0.1 0.8 0.211
0.3 0.2 0.411
0.2 0.6 0.346
0.3 0.3 0.341
0.1 0.9 0.241
0.2 0.7 0.337
0.3 0.4 0.347
0.1 1.0 0.249
0.2 0.8 0.328
0.1 0.1 0.084
0.3 0.5 0.355
0.2 0.9 0.328
0.3 0.6 0.386
0.2 1.0 0.328
0.3 0.7 0.377
0.2 0.1 0.053
0.1 0.2 0.08
0.3 0.8 0.357
0.2 0.2 0.129
0.3 0.9 0.333
0.3 0.1 0.155
0.3 1.0 0.364
0.1 0.3 0.263
0.4 0.6 0.386
0.2 0.3 0.386
0.4 0.7 0.343
0.2 0.4 0.322
0.4 0.1 0.118
0.1 0.4 0.169
0.4 0.8 0.346
0.5 0.3 0.349
0.4 0.9 0.437
0.4 0.2 0.364
0.1 0.5 0.26
0.5 0.4 0.353
0.4 1.0 0.346
0.4 0.3 0.329
0.5 0.5 0.347
0.1 0.6 0.175
0.4 0.4 0.344
0.5 0.1 0.102
0.5 0.6 0.339
0.4 0.5 0.454
0.5 0.7 0.351
0.1 0.7 0.182
0.5 0.2 0.373
0.5 1.0 0.355
0.5 0.8 0.358
0.6 0.7 0.354
0.7 0.4 0.344
0.6 0.8 0.356
0.5 0.9 0.348
0.7 0.5 0.322
0.6 0.1 0.324
0.6 0.9 0.354
0.7 0.6 0.332
0.8 0.1 0.433
0.6 0.2 0.346
0.6 1.0 0.307
0.7 0.7 0.321
0.8 0.2 0.376
0.6 0.3 0.347
0.7 0.8 0.35
0.7 0.1 0.324
0.8 0.3 0.372
0.6 0.4 0.353
0.7 0.9 0.347
0.8 0.4 0.344
0.6 0.5 0.346
0.7 0.2 0.44
0.7 1.0 0.359
0.8 0.5 0.316
0.6 0.6 0.353
0.7 0.3 0.325
0.8 0.8 0.388
0.9 0.5 0.346
0.8 0.6 0.328
1.0 0.2 0.385
0.8 0.9 0.367
0.9 0.6 0.348
0.8 0.7 0.322
1.0 0.3 0.345
0.8 1.0 0.351
0.9 0.7 0.316
1.0 0.9 0.34
1.0 0.4 0.282
0.9 0.8 0.352
1.0 1.0 0.261
0.9 0.1 0.378
1.0 0.5 0.413
0.9 0.9 0.355
1.0 0.6 0.351
0.9 0.2 0.44
0.9 1.0 0.31
1.0 0.7 0.266
0.9 0.3 0.333
1.0 0.1 0.359
1.0 0.8 0.308
0.9 0.4 0.343
