0.2 0.4 1.475
0.1 0.1 0.48
0.2 0.5 1.449
0.1 0.2 0.763
0.1 0.3 0.259
0.2 0.6 1.45
0.1 0.4 1.473
0.2 0.7 1.481
0.1 0.5 1.475
0.2 0.8 1.477
0.1 0.6 1.449
0.2 0.9 1.447
0.1 0.7 1.449
0.2 1.0 1.47
0.1 0.8 1.48
0.3 0.1 1.422
0.3 0.2 1.46
0.1 0.9 1.47
0.3 0.3 1.456
0.1 1.0 1.445
0.3 0.4 1.478
0.2 0.1 1.393
0.3 0.5 1.459
0.2 0.2 1.454
0.3 0.6 1.481
0.2 0.3 1.47
0.3 0.7 1.482
0.4 1.0 1.467
0.3 0.8 1.481
0.5 0.1 1.413
0.5 0.2 1.428
0.3 0.9 1.454
0.5 0.3 1.461
0.3 1.0 1.471
0.5 0.4 1.415
0.4 0.1 1.423
0.5 0.5 1.451
0.4 0.2 1.44
0.5 0.6 1.456
0.4 0.3 1.45
0.4 0.4 1.45
0.5 0.7 1.48
0.4 0.5 1.459
0.5 0.8 1.453
0.4 0.6 1.483
0.5 0.9 1.483
0.4 0.7 1.455
0.5 1.0 1.453
0.6 0.1 1.415
0.4 0.8 1.481
0.6 0.2 1.438
0.4 0.9 1.451
0.6 0.3 1.431
0.7 0.6 1.463
0.6 0.4 1.453
0.7 0.7 1.453
0.6 0.5 1.452
0.7 0.8 1.473
0.6 0.6 1.456
0.7 0.9 1.444
0.6 0.7 1.469
0.7 1.0 1.467
0.6 0.8 1.451
0.8 0.1 1.425
0.6 0.9 1.47
0.8 0.2 1.424
0.8 0.3 1.457
0.6 1.0 1.449
0.7 0.1 1.411
0.8 0.4 1.449
0.7 0.2 1.428
0.8 0.5 1.438
0.7 0.3 1.435
0.8 0.6 1.445
0.7 0.4 1.437
0.8 0.7 1.454
0.7 0.5 1.441
0.8 0.8 1.473
0.8 0.9 1.442
1.0 0.2 1.44
0.8 1.0 1.467
1.0 0.3 1.465
0.9 0.1 1.402
1.0 0.4 1.488
0.9 0.2 1.428
1.0 0.5 1.471
0.9 0.3 1.427
1.0 0.6 1.438
0.9 0.4 1.471
1.0 0.7 1.515
0.9 0.5 1.473
1.0 0.8 1.496
0.9 0.6 1.479
1.0 0.9 1.451
0.9 0.7 1.443
1.0 1.0 1.46
0.9 0.8 1.473
0.9 0.9 1.436
0.9 1.0 1.451
1.0 0.1 1.431
