lat lon elevation
16.837997818755333 112.35466825995549 1.8076243
16.837997816249764 112.35466827284286 1.8940179
16.837997814675973 112.35466828093764 1.9482832
16.837991444318394 112.35466769957497 2.3035955
16.837985103622838 112.35466696738314 1.6466508
16.837985096651273 112.35466700324106 1.8870333
16.837978734404835 112.3546663836081 1.9835308
16.837978722108428 112.35466645223266 2.4428973
16.837978738225477 112.35466636395691 1.8517941
16.837978747041902 112.3546663186102 1.5478011
16.837972375099174 112.35466575053833 1.9888408
16.837966029348475 112.35466504941498 1.5368394
16.837966022516778 112.35466508455312 1.7723968
16.83796601635899 112.3546651162251 1.9847181
16.83795965475897 112.35466450322946 2.1217868
16.837946936893193 112.354663239725 2.1431465
16.83794695383344 112.35466315259549 1.5590509
16.837946931746483 112.35466326619633 2.320604
16.837940581766674 112.3546625932433 2.0531957
16.83794058871568 112.35466255750231 1.8135966
16.837940573603824 112.35466263522747 2.334648
16.837934207948035 112.35466204982288 2.6524396
16.837934231398865 112.3546619238295 1.8084846
16.83792149959594 112.35466075966598 2.4856298
16.83791514420468 112.35466011519195 2.4057794
16.837915161812113 112.3546600246325 1.7986891
16.83790880250056 112.35465940714431 1.8980964
16.837902446080943 112.35465877620092 1.9063431
16.83789608891339 112.35465814553278 1.9161205
16.83789608516409 112.35465816481617 2.0453923
16.83732455563778 112.35460112389731 -1.0906051
16.837299146711032 112.35459857601282 -1.3270704
16.837292777582313 112.35459802322556 -0.82096016
16.837254655248362 112.3545942064699 -1.1284899
16.837248291922748 112.35459361550562 -0.8755601
16.83723558959589 112.35459230465284 -1.2327044
16.83721652677489 112.35459037632857 -1.5105245
16.83721651907087 112.35459041593438 -1.2450025
16.837210165699688 112.35458977072486 -1.3536035
16.837210163032086 112.35458978443874 -1.2616639
16.837197447228608 112.35458853633371 -1.1936951
16.837197452276342 112.3545885103839 -1.3676658
16.837191088775842 112.35458790797207 -1.1872058
16.83718472705618 112.3545872949246 -1.0775257
16.837178376533696 112.35458662281279 -1.3632895
16.837178374820546 112.3545866316198 -1.3042463
16.837172013690928 112.35458601251477 -1.234105
16.83717202548767 112.35458595187008 -1.6406753
16.8371656546582 112.35458538108664 -1.2460303
16.83715929740047 112.3545847389694 -1.3290591
16.83714657664755 112.35458348202593 -1.3104458
16.837146577536412 112.35458347745654 -1.3410797
16.837140219655765 112.3545828337267 -1.4331949
16.837140220168685 112.35458283108993 -1.4508722
16.83714021235831 112.35458287124077 -1.1816947
16.83713385642345 112.35458221586292 -1.3513086
16.83711477211958 112.35458032944427 -1.3227288
16.837114788403802 112.35458024573293 -1.8839431
16.83710204800429 112.35457906096411 -1.3723065
16.83710204610422 112.35457907073163 -1.3068234
16.837089321376663 112.35457780372546 -1.3446712
16.83708931935761 112.35457781410454 -1.275088
16.837070178870842 112.35457617950156 0.45510957
16.837070235725786 112.35457588723727 -1.5042847
16.837070231595774 112.35457590846772 -1.361952
16.837063868144227 112.35457527235722 -1.3953799
16.83706387391546 112.35457524269016 -1.5942733
16.837057452131734 112.35457490456339 0.37071934
16.83705751559645 112.35457457832342 -1.8164561
16.837057510349453 112.35457460529558 -1.6356295
16.8370511440844 112.35457397988507 -1.595955
16.83703841562804 112.35457270238173 -1.6934023
16.83703214221992 112.35457158849498 -4.925794
16.837032046858493 112.35457208406946 -1.60404
16.837025639215497 112.35457166362316 -0.18743114
16.83701931364519 112.35457081931264 -1.611777
16.83701293612003 112.35457024007822 -1.258274
16.837012967935344 112.35457007115964 -2.3900642
16.837012945168166 112.3545701935673 -1.5700929
16.837006576268323 112.35456956798583 -1.5265805
16.8370065873066 112.35456951124499 -1.9069831
16.836987480316633 112.35456763869223 -1.745807
16.83698748862186 112.35456759600068 -2.0320208
16.836981105270578 112.35456703650608 -1.5424747
16.83697473560306 112.35456640458358 -1.5377455
16.836974831155874 112.3545659080379 -4.866023
16.836955681131514 112.35456420547729 -3.5513196
16.83695561176814 112.35456456739848 -1.1255906
16.836949253865896 112.35456387146684 -1.5475545
16.83694925489946 112.35456386615407 -1.5831727
16.83694288266383 112.35456323676227 -1.5576264
16.836942833408507 112.35456348994603 0.13977894
16.83693013859432 112.35456196936661 -1.5619177
16.836930161860757 112.35456184439697 -2.3990695
16.836923763539406 112.35456134750461 -1.4834561
16.836923765664626 112.3545613365806 -1.5566934
16.836923762348672 112.35456135362524 -1.4424219
16.836917407560943 112.35456062037859 -2.1093125
16.836917391858538 112.35456070646723 -1.5328282
16.836917390897337 112.35456071140796 -1.4997042
16.836917392654144 112.35456070237764 -1.5602458
16.83689840575321 112.35455894773047 -1.8298235
16.836885631302195 112.35455770237412 -1.5148131
16.836879244429827 112.35455706692834 -1.4406637
16.836872860137472 112.35455642088972 -1.4373478
16.83685370684063 112.35455447601181 -1.4685467
16.836853707160916 112.3545544743655 -1.4795841
16.83684728952962 112.35455399041828 -0.3863861
16.83684732207759 112.35455382312091 -1.5079963
16.836840933530162 112.35455318736379 -1.4318187
16.836834553750467 112.35455250422254 -1.6725758
16.8368345531667 112.35455250722312 -1.652459
16.83683454696076 112.35455253912174 -1.4386014
16.836834555409723 112.35455249569398 -1.7297539
16.836828168407592 112.35455184237027 -1.7692312
16.83682816210572 112.35455187476195 -1.552068
16.83682897446321 112.35454766161168 -29.793407
16.83682177968518 112.35455120554968 -1.6986479
16.83682177930992 112.35455120747848 -1.6857165
16.836815392015048 112.35455055601584 -1.7119534
16.836815392496863 112.35455055353928 -1.7285569
16.836815386651793 112.35455058358295 -1.5271354
16.836802618241556 112.3545492419521 -1.8370701
16.836802611571052 112.3545492762384 -1.6072044
16.836802616878725 112.35454924895706 -1.7901068
16.836796227275045 112.35454860242126 -1.7813102
16.836789836404357 112.35454796008723 -1.7437067
16.836777054044042 112.35454667167558 -1.691748
16.836777059941088 112.35454664136493 -1.8949596
16.8367770544514 112.35454666958178 -1.7057854
16.836770665288267 112.35454602153335 -1.7059689
16.836770666270493 112.35454601648478 -1.7398161
16.836764273508088 112.35454537964301 -1.6636438
16.836751503528838 112.35454400379872 -2.1925812
16.836738749922798 112.35454253962293 -3.3122241
16.83673231798895 112.35454208803476 -1.9907899
16.836725917666424 112.35454147629235 -1.743218
16.83671952136904 112.35454083658433 -1.6820219
16.83670674177368 112.35453948351817 -2.0520678
16.8367067414415 112.35453947985042 -2.075982
16.836706744050737 112.35453946643909 -2.1658957
16.836706727906186 112.35453955479612 -1.574198
16.836706731543636 112.35453953609986 -1.6995435
16.836700338846473 112.3545388710603 -1.806874
16.836693942526487 112.354538222374 -1.8041644
16.836693938127937 112.35453824498225 -1.6525915
16.836687544441787 112.35453758049456 -1.7554326
16.8366747480716 112.35453629099378 -1.6953669
16.836668351728044 112.35453563340013 -1.7509227
16.83666194936319 112.35453500450983 -1.6137185
16.836655550480607 112.35453435548028 -1.6112273
16.83665551426891 112.35453454160539 -0.36338395
16.836649137857034 112.35453377484251 -1.1499238
16.836642751016257 112.3545330594527 -1.5917666
16.836636354648384 112.35453239080624 -1.7199674
16.8366363603117 112.3545323616973 -1.9151232
16.836629963434046 112.35453169845046 -2.007529
16.836623561808175 112.35453105239608 -1.9837945
16.836610752734323 112.35452978359353 -1.779455
16.836610750963743 112.35452979269417 -1.7184412
16.83661077042665 112.35452968728143 -2.4244876
16.836604358149994 112.35452908436369 -2.1103158
16.836597951434097 112.3545284610491 -1.934052
16.836598029993482 112.35452805188544 -4.6765447
16.83659795788215 112.35452842253153 -2.191611
16.836597952962133 112.35452845319514 -1.9867074
16.836597921706108 112.35452861384844 -0.90963423
16.836591576245524 112.35452766775371 -2.8965468
16.83659154983983 112.35452780885187 -1.9512532
16.836585147934986 112.3545271510728 -2.0050964
16.836585151319255 112.35452712830288 -2.1570783
16.836585168890547 112.35452703798786 -2.7625802
16.836585151097157 112.35452712944439 -2.149425
16.836578745162182 112.35452649020915 -2.078829
16.836578745241678 112.35452648980056 -2.0815682
16.836578740938872 112.35452651729172 -1.8979337
16.83657234032641 112.35452584315998 -2.0605202
16.83657233644681 112.35452586847595 -1.8914688
16.83657233533516 112.35452587418975 -1.8531616
16.836565931105188 112.35452522186968 -1.8701069
16.836559533944932 112.3545245353317 -2.1169615
16.836559532116926 112.35452455010267 -2.0186074
16.836553128137304 112.354523886828 -2.1082008
16.836546741759015 112.35452313632315 -2.7832544
16.836540314992632 112.35452260166059 -2.012532
16.836540315441713 112.35452259397718 -2.0633688
16.836540294921104 112.35452270482678 -1.3208704
16.83653390955818 112.35452193947896 -2.0947363
16.83652751064025 112.35452124706488 -2.3803158
16.836514688027354 112.35451997827572 -2.1729567
16.836501941771036 112.35451831867029 -4.587295
16.836501871715473 112.35451867875186 -2.1731844
16.836501876817238 112.3545186525291 -2.348991
16.836495468215418 112.35451799944276 -2.3711941
16.836489073288387 112.35451727400422 -2.8785768
16.836489060576955 112.35451733934033 -2.4405408
16.836490153015173 112.35451168126221 -40.36864
16.83647623729188 112.35451605413724 -2.344946
16.836470854407096 112.35451007769868 -38.051685
16.836463446647926 112.35451459300552 -3.4294426
16.836463451291497 112.35451456913769 -3.5894608
16.836463412452837 112.354514768767 -2.2510757
16.83645700001985 112.3545141231154 -2.2242937
16.836457007257216 112.35451408591557 -2.4736946
16.836450592299588 112.35451345122883 -2.373597
16.836450589583336 112.35451346519027 -2.2799942
16.836444177298 112.35451281476561 -2.2856214
16.83644418180325 112.35451279160876 -2.4408734
16.836437761044948 112.35451218274171 -2.16811
16.83642493896344 112.35451085917032 -2.3328958
16.836425009347806 112.35451049739544 -4.7583632
16.836399289769645 112.35450821940101 -2.6170616
16.83640017287571 112.35450364797572 -33.261356
16.836392872926034 112.35450757673159 -2.572927
16.836393801530168 112.35450276606531 -34.820496
16.836387406525883 112.3545020092215 -35.54217
16.836380030577246 112.35450632481705 -2.2609155
16.83637471473921 112.35449997422634 -40.480236
16.83636720015454 112.35450501440116 -2.3439665
16.83636720437509 112.35450499270735 -2.48941
16.836360776428847 112.35450439763716 -2.128022
16.836355268413666 112.35449903458394 -33.7285
16.83634794704349 112.3545030656736 -2.3573449
16.83634153390529 112.35450239896146 -2.4788592
16.836335111158114 112.35450176978532 -2.3478801
16.836335122059364 112.35450171375209 -2.7235477
16.83633511144559 112.35450176830767 -2.3577867
16.83632227080244 112.35450047957605 -2.3009331
16.836322272187587 112.35450047245624 -2.348667
16.836315860495954 112.3544997810322 -2.6364784
16.836309431544134 112.35449917654243 -2.3419626
16.83630943313925 112.35449916834338 -2.3969321
16.83630301294198 112.35449851708134 -2.4165215
16.83630384065152 112.35449423031227 -31.152472
16.836296591540357 112.35449787024811 -2.4069579
16.836296596129493 112.35449784665943 -2.5651054
16.836291190874444 112.3544919319537 -37.868332
16.83628374778494 112.35449657623731 -2.39181
16.836283750380375 112.35449656289646 -2.4812524
16.83628374775382 112.3544965763973 -2.3907375
16.83627732642634 112.3544959239679 -2.4203897
16.83626449216501 112.35449457584828 -2.7721655
16.83625809781248 112.35449377965502 -3.767479
16.83625804887021 112.35449403122631 -2.0808473
16.836245210466014 112.35449268927763 -2.394342
16.83624521803418 112.35449265037589 -2.6551545
16.836238786440514 112.35449204060875 -2.4025197
16.836238725273812 112.35449236039265 -0.2592372
16.836238789667988 112.35449202401894 -2.513744
16.83623237203107 112.35449134086961 -2.7537587
16.836232395789313 112.35449121874748 -3.5725133
16.836232364806158 112.35449137800711 -2.5047743
16.836225942936693 112.3544907149842 -2.6105316
16.836225959889422 112.35449062784366 -3.194756
16.836213093317962 112.35448941432294 -2.65394
16.836206731002477 112.3544884403648 -4.846436
16.83620667182669 112.35448874454232 -2.8071094
16.836200235018183 112.35448815157183 -2.4459808
16.8362002383545 112.35448813442234 -2.560958
16.836200236951175 112.3544881416358 -2.512596
16.83619381247921 112.35448748403086 -2.5855966
16.83618744586917 112.35448652744643 -4.6638236
16.836180962412673 112.35448616994312 -2.7263293
16.83618096631645 112.35448614987659 -2.8608634
16.83617452828821 112.35448555733221 -2.4999487
16.836168101849236 112.35448490370091 -2.5493662
16.836161667038485 112.35448429160131 -2.3211303
16.836161590661604 112.35448468957742 0.34639022
16.836155251308956 112.35448357992966 -2.7612684
16.83614882037127 112.35448294495723 -2.6879964
16.83614881996316 112.35448294705505 -2.6739318
16.836148763467232 112.35448324283811 -0.69155514
16.836142387955316 112.35448232114219 -2.541389
16.836135953470077 112.35448170149463 -2.3670292
16.83612953159217 112.35448101560551 -2.6376243
16.836129480533643 112.3544812834403 -0.84262335
16.83612953330816 112.3544810067847 -2.6967626
16.836123111414125 112.354480329599 -2.911149
16.8361166781194 112.35447969956611 -2.808977
16.83611677995465 112.35447917609403 -6.318551
16.836110238641805 112.35447909992051 -2.5039487
16.836110247961038 112.35447905201596 -2.825121
16.836103811859882 112.35447843363269 -2.6466002
16.836097378985663 112.35447779729395 -2.5893524
16.836090952708563 112.35447712568909 -2.7694445
16.836090873455163 112.35447753846107 -0.002719976
16.836078087036938 112.354475845901 -2.7071621
16.836071654990118 112.3544751999751 -2.7178483
16.83607166378334 112.35447515477388 -3.0208967
16.836065219467603 112.35447457061697 -2.6183934
16.83605236682556 112.35447321345944 -3.082319
16.836045925439738 112.35447261545264 -2.776173
16.836045937745418 112.35447255219513 -3.200279
16.836033066321907 112.35447128408386 -3.0729904
16.83603305475482 112.35447134354489 -2.6743379
16.83602662357523 112.35447067933795 -2.8136714
16.835994439979757 112.35446751276758 -2.4935646
16.83598800772697 112.35446685211203 -2.6157908
16.835981579970284 112.35446616722871 -2.901485
16.83598157160131 112.35446621025062 -2.6130466
16.835968697144473 112.35446493457859 -2.5567074
16.83594939128261 112.35446298313376 -2.7344508
16.835949387374594 112.3544630032237 -2.5997586
16.83594938386078 112.35446302128717 -2.4786525
16.835936507882074 112.35446174294073 -2.4508514
16.83592364689503 112.35446038353011 -2.9708614
16.835923644918502 112.35446039369097 -2.902738
16.835917203692095 112.35445977272629 -2.7711902
16.835917191823004 112.35445983374261 -2.3621078
16.835910765150796 112.35445913197583 -2.772749
16.835904319577267 112.35445853649169 -2.473199
16.835891522754128 112.354456837748 -5.27922
16.835885003922964 112.3544566060808 -2.5425086
16.835878568664324 112.35445594389981 -2.6932817
16.83587861354349 112.35445571318239 -4.2401223
16.83586568357344 112.35445469187285 -2.5132155
16.835865680215324 112.35445470913652 -2.3974714
16.835865682075653 112.35445469957278 -2.4615912
16.835859239054383 112.3544540747422 -2.365313
16.835852805351973 112.3544534011816 -2.5968723
16.83585279538425 112.35445345242485 -2.253312
16.835846352113272 112.35445282724766 -2.1616154
16.835839911233354 112.35445218863767 -2.1610446
16.8358399184018 112.35445215178507 -2.4081228
16.83583985529208 112.35445248160484 -0.19752167
16.835833473091835 112.35445153551899 -2.2589502
16.835827031620486 112.35445089875533 -2.2483413
16.83582065774421 112.35444991876703 -4.54066
16.835814143950852 112.354449657704 -2.0141222
16.83580126465909 112.35444834989399 -2.2294357
16.835788378977732 112.35444708258125 -2.1791327
16.835756168511615 112.35444388882851 -2.2448895
16.835743274687342 112.35444266003698 -1.95309
16.835743275235934 112.35444265721658 -1.9719994
16.83573680814037 112.35444214305775 -1.1554447
16.8348155011013 112.35435298428253 -3.3442469
16.834802631467223 112.3543517297668 -3.3434584
16.83478980886082 112.35435023670637 -4.933879
16.834783392503017 112.35434951743865 -5.5431495
16.834776902771782 112.35434917640532 -3.6142004
16.83477689576234 112.35434921245701 -3.3724697
16.834770501791045 112.3543483797608 -4.7380357
16.834757607580592 112.35434726319859 -3.782647
16.834751176394345 112.35434662452722 -3.840741
16.834738312961694 112.35434536032288 -3.8628323
16.834738307384466 112.35434538900863 -3.6704907
16.83473188653416 112.35434469984997 -4.0604434
16.834725399478103 112.35434435211735 -2.1588356
16.834725449713602 112.35434409373646 -3.891314
16.834719022186114 112.354343435712 -4.0673523
16.834712696069587 112.3543422566502 -7.7346854
16.83471258294932 112.35434284385317 -3.7980866
16.834712581811296 112.35434284970653 -3.7588391
16.834706161519744 112.35434216132734 -4.1344547
16.834699742232146 112.3543414737359 -4.503104
16.834686857575367 112.35434032833555 -3.6914062
16.834680432324017 112.35433966921808 -3.8614645
16.8346740376707 112.35433885367326 -5.0780177
16.834282337783602 112.35429973936233 -3.9697695
16.83427587443344 112.35429932038132 -2.2631183
16.834269464574575 112.35429862751451 -2.3903136
16.834263047872163 112.35429797112828 -2.2702947
16.83425023763286 112.35429654807653 -2.7626743
16.834224582965078 112.35429388351173 -2.498701
16.834218186123113 112.35429312877586 -3.019926
16.833043774365525 112.35416740789373 -0.18059361
16.833043746010347 112.3541675537272 0.79718715
16.83303106158451 112.35416617893084 0.4088798
16.83302478782564 112.35416513556066 -2.1752708
16.833018375066292 112.35416481877444 0.10816846
16.833011986052732 112.3541643753984 1.5408883
16.833012030824733 112.35416414513625 -0.0029682592
16.833005697457132 112.35416341646247 -0.4857452
16.832281518569257 112.35409065426784 -2.1715918
16.832281497615636 112.35409076735931 -1.4139835
16.83227513895905 112.35409009769883 -1.7539161
16.83227514049553 112.3540900898003 -1.8068762
16.832262425876777 112.35408872552128 -2.6577594
16.832256042810855 112.35408817557668 -2.1993046
16.832243305280503 112.35408692775624 -2.2790987
16.83224331255348 112.35408689036893 -2.5297835
16.832236968964565 112.35408614153012 -3.4103277
16.832236957364128 112.3540862011629 -3.0104854
16.83223703103925 112.3540858224312 -5.549908
16.832230576981217 112.35408562913463 -2.7055378
16.832217827713013 112.35408442069775 -2.5314863
16.8322114598954 112.35408377838314 -2.7018647
16.832198696033064 112.35408263804871 -2.079635
16.83219234442906 112.35408190080321 -2.8896742
16.832185948708585 112.35408139899137 -2.123695
16.832186751656405 112.35407723384407 -30.04662
16.83217959389498 112.35408067403787 -2.8537745
16.832166838029853 112.35407946618344 -2.6958907
16.83216683088109 112.35407950293106 -2.4494934
16.832166834755657 112.35407948301413 -2.5830388
16.83216046682004 112.35407882448186 -2.871994
16.832160460158992 112.35407885872233 -2.6424072
16.832147713217218 112.35407759704677 -2.852984
16.83188594450393 112.35405196397579 -6.3980656
16.83186028720793 112.3540498550848 -4.172159
16.831853898511277 112.35404919006315 -4.540606
16.831847522608186 112.35404845681464 -5.36687
16.831834698444876 112.35404735482885 -4.576147
16.831834699992573 112.35404734687368 -4.62949
16.831834701784032 112.35404733766562 -4.691233
16.831828291737533 112.3540467725098 -4.391269
16.8318154944373 112.35404551764137 -4.6273184
16.831809105868157 112.354044844682 -5.0521817
16.831809037253954 112.3540451973581 -2.687351
16.831809094483223 112.35404490320036 -4.6597934
16.831802716452025 112.35404416362229 -5.5303583
16.83180268759621 112.35404431194073 -4.535825
16.831802733993317 112.35404407346029 -6.13493
16.83179628961011 112.35404367746324 -4.7024574
16.831796208566217 112.35404409940269 -1.8738596
16.83179000942719 112.35404242464793 -9.01419
16.831789891122643 112.35404303810623 -4.901383
16.831783481333865 112.35404245437844 -4.727458
16.831777367743857 112.35404191067785 -4.5198436
16.8317709452085 112.35404128694813 -4.5993614
16.83177092234187 112.35404140447952 -3.811264
16.83177095223952 112.35404125080969 -4.841685
16.831764520286487 112.35404067297573 -4.613561
16.831758101627926 112.35404002933733 -4.827392
16.831758098284816 112.35404004652054 -4.712171
16.831751664892764 112.3540394711373 -4.467793
16.831745237514088 112.35403886241015 -4.4470706
16.83174523459857 112.35403887739555 -4.346587
16.83174527268207 112.35403868165056 -5.6591434
16.83173881405247 112.35403823113867 -4.5775757
16.831738816761295 112.35403821721557 -4.670936
16.831738812684986 112.35403823816739 -4.530445
16.831732383355185 112.35403763467191 -4.4747443
16.831725956111125 112.35403701809551 -4.506789
16.831725959773237 112.35403699927257 -4.6330056
16.831713097959188 112.35403579679529 -4.4914484
16.831713104767665 112.35403576180018 -4.726107
16.831713114421916 112.35403571217803 -5.0588465
16.83169381094844 112.35403394631352 -4.5925345
16.83168738552293 112.35403330676878 -4.7785225
16.831687394768764 112.35403325924554 -5.097189
16.831687380465954 112.35403333276146 -4.604229
16.831674515349096 112.35403212048985 -4.527981
16.831674522948372 112.35403208142971 -4.7898984
16.831674514809574 112.35403212326295 -4.5093856
16.83166809698617 112.35403143818873 -5.000469
16.831668099071624 112.35403142746952 -5.072347
16.831655906237774 112.35402672513165 -28.395401
16.83164878843073 112.35402965362474 -4.6582174
16.831648792663266 112.35402963186942 -4.804098
16.83164878500593 112.35402967122825 -4.540177
16.831649310699593 112.35402694765234 -22.8004
16.831642352533233 112.35402905322294 -4.581089
16.831642351531112 112.35402905837387 -4.5465493
16.831629496699968 112.35402776945664 -4.9833183
16.83162305122432 112.35402721240445 -4.6150503
16.831623544239314 112.35402465677755 -21.749146
16.831616637274013 112.35402649140464 -5.3459625
16.831610178292188 112.35402599999256 -4.537178
16.831610202587036 112.3540258751151 -5.374549
16.831604264110094 112.35402268491092 -22.65969
16.831597312774246 112.354024742074 -4.7636538
16.83159732696448 112.35402466913477 -5.252752
16.831597318010523 112.35402471515903 -4.9441338
16.83159731168202 112.35402474768813 -4.726008
16.83159730721021 112.35402477067373 -4.571877
16.831597814418554 112.35402214207056 -22.195364
16.83159147728024 112.35402102356869 -25.59147
16.831591520058915 112.35402080368156 -27.065926
16.831584450396075 112.35402347088859 -5.079424
16.83157801675203 112.35402284027565 -5.2029424
16.831578008238594 112.3540228840358 -4.9095054
16.83157159325389 112.35402216082605 -5.6542926
16.8315651356287 112.35402165009428 -4.973413
16.83156515595149 112.35402154563197 -5.6738925
16.831559311433097 112.35401785490191 -26.31302
16.831559164627237 112.35401861488411 -21.217604
16.831552250832694 112.35402046214848 -4.7265477
16.831545867934544 112.3540195570687 -6.688452
16.831545815409818 112.35401983243122 -4.842659
16.831545843480352 112.35401968814331 -5.8101945
16.831545814463837 112.35401983729375 -4.810053
16.831545825329858 112.35401978144031 -5.184583
16.831546449371633 112.35401654686889 -26.870842
16.83153938584814 112.3540191710236 -5.17096
16.831539386010522 112.35401917018892 -5.1765566
16.831539383299035 112.35401918412651 -5.083097
16.831539896203104 112.35401652619345 -22.903368
16.831532949848928 112.35401854619604 -5.2542562
16.83153294114162 112.35401859095346 -4.954131
16.831526507381174 112.35401794809052 -5.1574183
16.831526506174974 112.35401795429067 -5.1158423
16.831526540302225 112.35401777886881 -6.2921515
16.831526511954277 112.35401792458372 -5.3150454
16.83152008372881 112.35401725179442 -5.71866
16.831520066149302 112.35401734215733 -5.1127214
16.83150718388295 112.35401612464109 -5.0600433
16.83150083948582 112.35401501132625 -8.415874
16.83149431363078 112.35401484014925 -5.455046
16.83149430857637 112.35401486613038 -5.2808266
16.83149431076097 112.35401485490091 -5.356127
16.831481437747613 112.35401357929145 -5.689965
16.831468527431777 112.35401249035577 -4.770346
16.831468586659295 112.35401218053035 -6.8472505
16.83146854439785 112.3540124031443 -5.355156
16.831468543918845 112.35401240560654 -5.338645
16.831462086474318 112.35401187106488 -4.811614
16.831462188306663 112.35401134223473 -8.357088
16.83143634430568 112.35400927608873 -5.762674
16.83142990321562 112.3540086518828 -5.8345313
16.831423473683927 112.35400796220529 -6.344303
16.831037596671866 112.35396666175669 -35.169983
16.831031090150084 112.35396637097348 -32.95921
16.831023916763048 112.35396953102799 -7.609106
16.83101747419772 112.353968907564 -7.626583
16.831011125617707 112.35396780167656 -10.878171
16.831005506631165 112.35396290783792 -39.525707
16.830998143595355 112.35396705695925 -7.540323
16.830991698316534 112.35396645075848 -7.438016
16.83098525818654 112.35396581897498 -7.5062494
16.830985846764108 112.35396277133434 -27.94086
16.830979569569248 112.35396129198013 -33.69048
16.8309723730788 112.35396458274809 -7.456221
16.830965932252823 112.35396395735619 -7.4785132
16.830959494769512 112.35396331576338 -7.6084127
16.830953059489897 112.3539626638492 -7.806486
16.83095304887405 112.35396271843062 -7.440464
16.830953708368448 112.35395930075266 -30.355907
16.830940180097567 112.35396142363737 -7.77475
16.830927288763043 112.35396023405876 -7.3973866
16.830920852090287 112.35395959469838 -7.506007
16.830920962551893 112.35395902137529 -11.350037
16.83091523342667 112.35395471835973 -36.022594
16.830895099753928 112.35395707796685 -7.6567874
16.83088954285553 112.35395188344027 -38.30221
16.830882219332945 112.35395584878432 -7.5299983
16.830882246481387 112.35395570919658 -8.466077
16.830869372328774 112.35395445289032 -8.516826
16.830862904609454 112.35395398426137 -7.4707828
16.83085004502177 112.35395266606437 -7.9306107
16.83083716655063 112.35395144042958 -7.76404
16.830830713060752 112.35395090553583 -7.15684
16.83083072148222 112.35395086223483 -7.4472184
16.83081786246289 112.35394955018309 -7.854108
16.83079855439339 112.3539476987272 -7.674583
16.830792145684764 112.35394694215347 -8.547174
16.830792119645693 112.35394707604154 -7.6493115
16.83078568482048 112.35394645564861 -7.60761
16.830779270410268 112.35394573185441 -8.258193
16.830766389377054 112.35394455751407 -7.723524
16.8307664051146 112.35394447659387 -8.266182
16.830747097889287 112.35394265363432 -7.8677034
16.830727924832058 112.35394015046455 -12.019792
16.8307213749081 112.3539401587998 -7.7529016
16.83071494522322 112.35393953017304 -7.753833
16.830708515169732 112.35393890519273 -7.7291555
16.83070852375795 112.35393886103259 -8.025299
16.830695660923116 112.35393763041175 -7.8427787
16.830695655623895 112.35393765766015 -7.660048
16.83068928258182 112.35393674487163 -9.5619755
16.830682812816654 112.35393633124028 -8.115332
16.830676399237156 112.35393563052759 -8.592731
16.830676385315826 112.35393570211093 -8.112684
16.830663520726787 112.3539344986776 -7.7362328
16.830528623519395 112.35392141046817 -6.535014
16.83050939880995 112.35391937879729 -7.4076896
16.830503071485392 112.35391828816273 -10.468475
16.83049661130673 112.3539178827978 -8.932539
16.830483410640024 112.35391696918788 -6.6957436
16.83047702630862 112.353916286535 -7.005757
16.830477021868557 112.35391630936715 -6.852639
16.83046422829545 112.35391507904846 -6.5639687
16.83046421241364 112.35391516071735 -6.0162783
16.830457844961604 112.35391439236022 -6.896893
16.830451483442783 112.35391360598497 -7.8985023
16.830451448913074 112.35391378354635 -6.7077346
16.83043867440325 112.35391247178917 -6.955959
16.83042584575506 112.35391145169899 -5.244239
16.8304258841137 112.3539112544489 -6.567046
16.83042591336567 112.35391109865022 -7.6111946
16.830419485247333 112.35391066546954 -6.2385345
16.830406719460925 112.35390932387259 -6.6748524
16.830393926397758 112.35390814118648 -6.0423436
16.830387523968763 112.3539075803912 -5.5192194
16.830387560088905 112.35390738927595 -6.800212
16.830374763234783 112.35390623762773 -5.952894
16.83036834272053 112.3539057755126 -4.7646837
16.830368358480932 112.35390569446943 -5.308181
16.830355648645206 112.35390410077106 -7.4180746
16.830349242496634 112.35390357566128 -6.649728
16.830349268503777 112.35390343655045 -7.581967
16.830215300733997 112.35388980493181 -8.657397
16.83020253045604 112.35388859791846 -8.124621
16.830183418274242 112.35388657460086 -8.745344
16.830177131928522 112.35388546334293 -11.879121
16.830177035120933 112.35388596649855 -8.505479
16.830170653735617 112.35388535048686 -8.3177185
16.830170682003963 112.35388520513314 -9.292506
16.83016428476499 112.35388467179726 -8.549363
16.830157908119098 112.35388403370695 -8.507809
16.83015155294241 112.3538832863335 -9.198222
16.830145168527064 112.35388269038751 -8.872199
16.830138784530973 112.35388209334654 -8.552611
16.830126013245497 112.35388092426302 -7.743728
16.830126042251113 112.35388077512053 -8.743927
16.83011329180346 112.35387949288388 -8.689035
16.830113290938506 112.35387949733132 -8.65921
16.830113284359186 112.35387953116101 -8.432337
16.830106887833644 112.35387900348258 -7.6431274
16.830094190784276 112.35387746220073 -9.321519
16.830087795485834 112.35387693088136 -8.554131
16.83007505593434 112.3538756182321 -8.694746
16.830068680489283 112.3538749868792 -8.595615
16.83006868742021 112.35387495124215 -8.83461
16.830062315132032 112.35387430482204 -8.835752
16.830055941391755 112.35387366660972 -8.781021
16.83004319953694 112.35387236338417 -8.848842
16.830030443192644 112.35387113732699 -8.395912
16.830030448430232 112.35387111039701 -8.576513
16.83001770851004 112.35386980236134 -8.67018
16.83001134469378 112.35386911761806 -8.921894
16.830011348382673 112.35386909865107 -9.049093
16.830004969287216 112.35386849798806 -8.736807
16.829903035426973 112.35385818430379 -8.345051
16.829903018442074 112.35385827163033 -7.7594066
16.829890291596346 112.35385690975006 -8.1852865
16.829883924843664 112.35385624625273 -8.280307
16.82988390263154 112.35385636045386 -7.5144315
16.829883926674288 112.35385623684071 -8.343427
16.829877520281762 112.35385577719612 -7.0706954
16.829871192796215 112.35385491686259 -8.485152
16.829864802014452 112.35385437698248 -7.7492547
16.82985844946911 112.35385365044509 -8.265832
16.829845699466706 112.35385240820476 -7.880633
16.829839338837793 112.35385171306102 -8.183565
16.829832964798683 112.35385108674387 -8.024331
16.82982659917903 112.35385041699688 -8.155772
16.829826595366452 112.35385043659839 -8.024318
16.82981387162887 112.35384905801232 -8.547648
16.829775626679456 112.35384530044288 -7.568782
16.829769271248214 112.35384457597017 -8.062316
16.829756538141417 112.35384323525717 -8.321358
16.829584513484463 112.35382564214083 -8.261487
16.829578147816658 112.35382494952849 -8.529098
16.829546273507525 112.35382170727257 -8.381979
16.82952077238905 112.3538191019479 -8.336671
16.829508023130828 112.35381779079856 -8.370156
16.82943150293274 112.353809924568 -8.546989
16.828810414011937 112.35374687490349 -6.6636252
16.828803998873408 112.3537461736075 -6.999001
16.828797574760213 112.35374551832753 -7.0261226
16.828791180276546 112.35374470992754 -8.08042
16.828778412339457 112.35374299271665 -10.86456
16.828778314313293 112.35374349663945 -7.484999
16.82877829079852 112.35374362289762 -6.638923
16.828778289910982 112.35374362746023 -6.6083236
16.828759023052346 112.35374161659166 -6.995203
16.828752607777698 112.35374091064254 -7.3641133
16.828559775374156 112.35372144828455 -7.066439
16.828546912348656 112.35372017921804 -6.865977
16.828546896098647 112.35372026813675 -6.270315
16.828546888294788 112.3537203082569 -6.0012474
16.828534050734074 112.35371890262122 -6.71733
16.828527590254787 112.35371842218782 -5.585447
16.82852765974023 112.35371805957996 -8.016619
16.828514739482113 112.35371708971101 -5.81354
16.828514769215772 112.35371693147033 -6.8741136
16.82850834704337 112.3537162487319 -7.0993147
16.828508346201964 112.35371625305764 -7.070304
16.82850190008556 112.35371569883478 -6.4346156
16.82848906640509 112.35371427342527 -7.2879424
16.82848262359143 112.3537137020952 -6.767953
16.828469771083107 112.35371237445143 -6.96763
16.828469772106004 112.35371236919252 -7.002899
16.828463360240878 112.3537116341155 -7.581438
16.82845047807188 112.35371046491728 -6.721137
16.828450492508715 112.35371039069422 -7.218919
16.82843119900722 112.35370849016189 -6.9156494
16.82841834009924 112.35370720362269 -6.845636
16.827763509177153 112.35364133968636 -6.6491733
16.827763505784915 112.35364135712922 -6.532189
16.827757104830923 112.35364073131674 -6.416305
16.82774431241195 112.35363942884847 -6.52526
16.827725110427533 112.35363756313401 -6.100995
16.827725123472174 112.35363749605864 -6.5508513
16.827718716475125 112.35363690705539 -6.1887875
16.827712324279325 112.3536362428575 -6.331133
16.827680353150324 112.35363299730977 -6.5395203
16.82768032733784 112.35363313003668 -5.649356
16.827680361340395 112.35363294981943 -6.85735
16.82744381240493 112.35360923134223 -6.411432
16.827437426457408 112.35360856174402 -6.590171
16.8274245867006 112.3536075724186 -4.600862
16.826919784678886 112.35355617079738 -8.080157
16.82690698348781 112.3535549458858 -7.63404
16.826894194756324 112.3535536540961 -7.635154
16.82688777842137 112.35355311508043 -6.9177365
16.826868584423554 112.35355123615575 -6.5231338
16.826868614871444 112.35355107423335 -7.6084623
16.82686859779975 112.35355116200634 -7.0197744
16.82686221796968 112.35355043732352 -7.54692
16.826862199539317 112.35355053208193 -6.911381
16.826862206310096 112.35355049727043 -7.14486
16.826849421097187 112.35354917698072 -7.332432
16.826843022015577 112.3535485489602 -7.2102513
16.8268366362609 112.35354786162412 -7.4868484
16.826836683283275 112.35354761986237 -9.108332
16.82683021909654 112.3535473249898 -6.751062
16.826817434945625 112.35354599593227 -6.994608
16.82681104497855 112.3535453170307 -7.2119684
16.8267351290522 112.35353314517829 -36.784714
16.82672226586214 112.3535321919914 -34.496273
16.82669012681218 112.35352970599341 -29.46132
16.826677422275402 112.35352792411989 -32.725872
16.82667104828889 112.35352713304597 -33.686523
16.826671107362717 112.35352682932512 -35.723557
16.8266328091601 112.35352300064699 -35.440117
16.825939739696828 112.35345315955716 -32.188183
16.82582996572103 112.35344543154393 -9.6967125
16.825829987154926 112.35344532132855 -10.435937
16.82568238641563 112.35343026955772 -10.898382
16.82567597195063 112.35342960487448 -10.989778
16.82565671376929 112.35342769020947 -10.733061
16.8256567271408 112.3534276214493 -11.1942425
16.825650300262282 112.35342702286562 -10.843343
16.825650384959275 112.35342658195107 -13.799932
16.825650393700847 112.35342653699935 -14.101428
16.825643887496035 112.35342635230329 -10.975483
16.825637437584334 112.35342587335477 -9.822724
16.825611812994737 112.35342306857217 -11.177749
16.82560543772121 112.35342220357768 -12.615024
16.825598981596382 112.3534217657601 -11.188827
16.82559897687455 112.35342179004141 -11.025969
16.825592551345114 112.35342119018094 -10.686246
16.82557332552284 112.35341912825429 -11.427882
16.825573356771645 112.35341896756161 -12.505669
16.825560625964055 112.35341714995606 -15.972615
16.825541348377634 112.35341538566641 -14.725588
16.82551560219767 112.35341324798257 -11.625771
16.825515590822622 112.35341331185546 -11.198042
16.825515606462286 112.35341322605218 -11.772861
16.82548994543853 112.35341065792035 -11.565334
16.825483533795882 112.35340999931573 -11.625551
16.825477117394954 112.35340936599982 -11.516541
16.825470705375782 112.3534087109783 -11.553507
16.825464291742644 112.35340806509157 -11.529601
16.825457889013474 112.35340736397433 -11.876535
16.825438665891554 112.3534053425523 -12.3702755
16.825438652233213 112.35340541278988 -11.899181
16.82541940651183 112.353403515434 -11.564552
16.825420259202293 112.3533990982242 -41.187263
16.825412997451817 112.35340285297677 -11.655115
16.825401045490366 112.35339704429056 -41.906708
16.825393757321045 112.35340094264248 -11.413371
16.825393765936514 112.35340089833747 -11.710531
16.82538734523987 112.35340029936332 -11.377065
16.825380933896003 112.35339965286303 -11.362758
16.82538093081179 112.35339967410137 -11.220984
16.825374519062613 112.35339902596633 -11.217504
16.825362441955065 112.35339380177552 -37.718216
16.82534887161231 112.35339640431395 -11.547554
16.825348958597896 112.35339595698844 -14.54784
16.82534244634928 112.35339584562209 -10.936603
16.82534245303232 112.35339581125442 -11.167112
16.82533603755589 112.35339519782688 -10.923085
16.825329619280925 112.3533945997657 -10.576477
16.825316813218507 112.35339325981698 -10.850706
16.825316807837545 112.3533932874888 -10.665106
16.825284887017713 112.35338943944718 -14.69697
16.82528476189632 112.35339008826799 -10.34589
16.82514384420681 112.3533758875546 -9.94215
16.825143855075268 112.35337583166277 -10.317029
16.825143867234008 112.35337576913548 -10.736412
16.825137458525656 112.35337515285907 -10.529184
16.825137465112814 112.35337511898412 -10.756391
16.825118257630876 112.35337318573582 -10.705525
16.82510549471641 112.35337168722002 -12.081536
16.82509265230719 112.35337060258854 -10.684314
16.825092652174508 112.35337060327085 -10.679737
16.82508624934455 112.3533699653977 -10.622742
16.82506064226649 112.35336740294134 -10.475269
16.82504785955356 112.35336602113162 -11.0804
16.825041464444833 112.35336534577607 -11.279073
16.82504146365969 112.35336535519156 -11.216597
16.825022260568208 112.35336344814243 -11.021359
16.82489435395424 112.35335037322396 -12.313198
16.824887956361895 112.35334974191416 -12.235439
16.824881555656148 112.35334912767433 -12.04399
16.824843209089174 112.35334516777664 -12.753126
16.82479210155037 112.35333983652303 -14.089114
16.824740935193677 112.35333487774919 -12.98068
16.82472813393317 112.35333369638848 -12.320547
16.824447088510635 112.35330563688595 -12.53601
16.82444707891021 112.35330568625267 -12.204887
16.82442793003874 112.35330375609625 -12.391785
16.824421540114407 112.35330314481085 -12.239741
16.824402389604135 112.35330123549855 -12.297023
16.824396002985985 112.35330061459985 -12.213258
16.824395972874953 112.35330077481049 -11.139331
16.82382185999945 112.35324377361336 -14.848985
16.823815494944373 112.35324310374835 -15.182889
16.823796297012528 112.35324158677824 -12.875851
16.823789953616302 112.35324079163361 -14.048385
16.823783565828723 112.35324022366014 -13.696955
16.823758061014313 112.35323770260432 -13.960671
16.823758077823555 112.35323761618713 -14.540338
16.823751799073676 112.35323647630304 -18.023375
16.823751694109397 112.35323702130513 -14.368304
16.823713523705223 112.35323274535921 -18.070242
16.823675276048377 112.35322882976504 -19.344128
16.823598643483177 112.35322155003112 -18.14436
16.823214811447528 112.353184409745 -15.425593
16.82320840385778 112.35318377544098 -15.451299
16.82318918047444 112.35318186109006 -15.597928
16.82318276196243 112.353181273184 -15.307559
16.823176354923525 112.3531806238494 -15.428036
16.823150715488527 112.3531780749187 -15.574793
16.822977399099194 112.35316101868142 -15.020865
16.822964547061204 112.35315975355653 -14.953522
16.822945307167217 112.3531576458099 -16.252401
16.822919647132604 112.35315483002229 -18.00175
16.822919567026098 112.35315524721116 -15.203849
16.822913131075367 112.35315464480898 -14.956741
16.822906776314994 112.35315361720914 -17.559961
16.822880978539203 112.35315146148774 -14.851518
16.822861680941685 112.35314955081735 -14.777008
16.82284881898152 112.35314824881603 -14.91015
16.82284884047086 112.35314813834071 -15.651241
16.82281051393672 112.35314454683532 -15.019442
16.822804051871213 112.35314392929106 -14.781155
16.822797596785033 112.35314327854219 -14.76497
16.82275240133216 112.35313867515319 -14.935454
16.822745945412702 112.35313800591194 -15.033011
16.822739475538047 112.35313741644455 -14.595619
16.82272655857914 112.35313609410757 -14.676924
16.82271362982727 112.35313482456355 -14.399858
16.82270082382492 112.35313291604668 -18.405102
16.822694257982874 112.35313279674406 -14.805201
16.82266839745494 112.3531302343559 -14.384693
16.8226683564477 112.3531304451902 -12.970365
16.822661935736516 112.35312957083913 -14.430946
16.822655443640645 112.35312906190204 -13.439396
16.822649022717126 112.35312818546815 -14.912282
16.82264902391702 112.35312817929892 -14.953667
16.822649011266453 112.35312824434135 -14.517346
16.822642545712863 112.35312759583896 -14.460409
16.822636086508652 112.35312690814523 -14.66494
16.822623157744175 112.35312559681377 -14.644012
16.82261022069424 112.35312431748784 -14.404866
16.822597296372795 112.35312296746515 -14.637283
16.82259729509439 112.35312297403827 -14.593189
16.822584351559293 112.35312171784851 -14.19364
16.822584413880065 112.35312139203538 -16.3786
16.822577886002207 112.35312105605439 -14.219041
16.822577885843312 112.35312105687142 -14.21356
16.822564974279196 112.35311962941103 -14.959498
16.822409715926824 112.35310391383209 -14.316832
16.822403277735745 112.35310309890818 -15.362743
16.822396787401505 112.35310254694569 -14.644022
16.82179585532802 112.3530416760525 -14.788179
16.82178296608095 112.35304037062225 -14.886061
16.82177007492629 112.35303908535762 -14.855487
16.82176362939143 112.35303844671236 -14.816086
16.821757192647908 112.35303776555607 -15.063613
16.821757303444603 112.35303719014176 -18.922997
16.82175074806692 112.353037127458 -15.02405
16.82174429283635 112.35303654690273 -14.600241
16.821744294742448 112.35303653709607 -14.666027
16.821737857918357 112.35303586460878 -14.860704
16.821712084085647 112.3530333441992 -14.520688
16.821135471034086 112.35297739325816 -12.50399
16.82112276208888 112.35297595275087 -13.9890995
16.82110363851007 112.3529741067977 -14.111393
16.821103634723887 112.3529741262773 -13.980711
16.821084516662022 112.35297227341042 -14.158724
16.82079145176663 112.3529442064995 -15.187241
16.820778718182076 112.35294295431144 -15.455257
16.820778714805613 112.35294297168042 -15.33873
16.82076597926212 112.35294172313013 -15.581089
16.820746743875244 112.35294052144853 -11.439767
16.820746858738268 112.35293993058544 -15.403851
16.82074050026113 112.35293926139444 -15.825953
16.820734128286965 112.35293865611584 -15.8183775
16.820721424743535 112.35293723059168 -17.243832
16.82071499343307 112.35293693411666 -15.164199
16.820708633903173 112.35293626236546 -15.601252
16.820517389006184 112.35291805166689 -15.421755
16.820510959900137 112.35291770438799 -13.661075
16.82049826141261 112.35291618349127 -15.680761
16.820498256661203 112.35291620793026 -15.516795
16.820491917371744 112.35291538885367 -16.917871
16.820485558705958 112.3529146732957 -17.624086
16.820485497560696 112.35291499317536 -15.478631
16.82047913266948 112.35291430271481 -16.014755
16.820459975875895 112.35291256289506 -15.394973
16.82042806972103 112.35290950919568 -15.371946
16.820428100505843 112.35290934547831 -16.469687
16.820345070900796 112.35290159845324 -14.977855
16.820217960303676 112.35288709494759 -29.889229
16.81950422357553 112.35281815903444 -18.238848
16.819484881760864 112.35281647793425 -16.437654
16.81948489251872 112.352816422595 -16.808962
16.819478478914107 112.35281569147214 -17.351841
16.819478470627452 112.35281573409948 -17.065828
16.81947857971393 112.35281516756937 -20.866364
16.81947203788103 112.35281509683284 -16.977005
16.81945274397099 112.352813160454 -16.867037
16.819452726449317 112.35281325058789 -16.26227
16.819446322396974 112.35281246760097 -17.146032
16.81943992117707 112.35281167559573 -18.089691
16.81941416191007 112.35280928703904 -16.6193
16.819394871433538 112.35280735344637 -16.457706
16.819394932373093 112.35280703995893 -18.561096
16.819382007367206 112.35280608714089 -16.19135
16.819369165681838 112.35280470867743 -16.672886
16.819369173934486 112.35280466622348 -16.957737
16.819362745365044 112.35280401790831 -16.922249
16.819356317844413 112.35280336500428 -16.916418
16.819356326038847 112.35280332284967 -17.199263
16.819349883544703 112.35280275282517 -16.636871
16.81934987978341 112.35280277217446 -16.507044
16.819324292215068 112.35279953188542 -20.685091
16.819304987997192 112.35279771364247 -19.703585
16.81929847993038 112.3527974832671 -16.853035
16.819298478524292 112.35279749050058 -16.8045
16.819292054871983 112.35279682687076 -16.859917
16.81928562872658 112.35279617709173 -16.82139
16.81924708566248 112.35279224502835 -16.795652
16.818772879044168 112.35274310109119 -18.61753
16.81853688042946 112.3527185540147 -18.588247
16.818434779032266 112.35270862934121 -14.239022
16.81840928615597 112.35270602472886 -14.021804
16.81840930891894 112.3527059076305 -14.807493
16.818402929111194 112.3527052882056 -14.542564
16.818377434350513 112.3527026854151 -14.332946
16.818377430328415 112.35270270610553 -14.19412
16.818339213812994 112.35269869758508 -14.617138
16.818281880349446 112.35269275002078 -14.899225
16.81828187723363 112.35269276604858 -14.791685
16.818275535171235 112.35269196607094 -15.763947
16.818269126984287 112.3526915015094 -14.48641
16.818269142082368 112.35269142384485 -15.007513
16.81826276447417 112.35269080222099 -14.785206
16.818224532977137 112.35268690078942 -14.633236
16.81821179060607 112.35268559391217 -14.637171
16.81762517615317 112.35262668731941 -13.673077
16.81762519568446 112.35262658687168 -14.347065
16.817612393922587 112.3526253728181 -14.155132
16.817612380582244 112.35262544142627 -13.694782
16.817612522556292 112.35262470588867 -18.629442
16.817605969307387 112.35262488652502 -13.251621
16.81759970846181 112.35262355158773 -18.043365
16.817586875191225 112.35262249186368 -16.82927
16.8175805400478 112.35262154139171 -19.046879
16.81683072910859 112.35254945804505 -22.351671
16.81680498770446 112.35254744102782 -19.506477
16.816785757169278 112.35254553486934 -20.006222
16.816785779192436 112.35254541622729 -20.801687
16.816785759517746 112.35254552279127 -20.087273
16.816760094930608 112.35254310313017 -19.927307
16.815325840122544 112.35240088616985 -23.556068
16.815313248945802 112.3523985198577 -30.752115
16.815274657810868 112.35239566148974 -23.884228
16.815268369934603 112.35239443648335 -27.7624
16.815268320443362 112.3523946910082 -26.05426
16.81526825858454 112.35239501451558 -23.88385
16.815255450980256 112.3523937667125 -23.573238
16.815242649649946 112.35239248539655 -23.487368
16.81521704820507 112.3523899126752 -23.383106
16.815204247416194 112.35238862469085 -23.341892
16.81518505363308 112.3523866571369 -23.51969
16.815185064928478 112.35238659904681 -23.90954
16.815178632746875 112.35238612700886 -22.736382
16.81516586302808 112.35238467515003 -23.795444
16.8151594395306 112.35238414740336 -22.995056
16.815108217494082 112.35237922215161 -21.12107
16.815108274046676 112.35237893131334 -23.072924
16.81509548797313 112.3523775362734 -23.782183
16.815044225102188 112.35237253239377 -22.756054
16.815031403564195 112.35237130761811 -22.325565
16.814999440492837 112.35236777236003 -24.42943
16.814877604272645 112.35235621210386 -19.905724
16.814851978869335 112.35235363279325 -19.942127
16.814852045549603 112.35235328448944 -22.278986
16.81446758549127 112.35231444727705 -24.466005
16.81445466472677 112.35231367721566 -21.041555
16.814454626175188 112.35231388086403 -19.675484
16.814454677074913 112.35231361370937 -21.467766
16.814429032750876 112.35231105680107 -21.447487
16.81441619856668 112.35230983893467 -21.033062
16.814403380682162 112.35230853643795 -21.188177
16.8143905562236 112.35230726697094 -21.123178
16.814377725283443 112.35230603508768 -20.80814
16.814275657278113 112.35229312275112 -38.85546
16.814249477177526 112.35229333377691 -20.30599
16.814236544054676 112.35229261545162 -16.560564
16.814211006874896 112.35228948489134 -20.4427
16.81420451485384 112.3522892560023 -17.697727
16.814198187948417 112.35228817241457 -20.688671
16.814198180988658 112.35228821358781 -20.413017
16.814191767264226 112.35228758141805 -20.375294
16.814191778888613 112.35228751625402 -20.81196
16.814185357683776 112.35228692281949 -20.514708
16.814185356514486 112.35228693421172 -20.438927
16.81417894324276 112.35228629987157 -20.416576
16.814166117375024 112.35228502741303 -20.398333
16.81415337052989 112.35228334777536 -23.114254
16.81415330472635 112.35228368621198 -20.842869
16.81413404797975 112.35228186893093 -20.206972
16.814114837195785 112.3522798137725 -21.17071
16.814108494670055 112.3522788146017 -23.600855
16.81405115252616 112.35227114720696 -36.59348
16.814019116056237 112.35226781848625 -37.57659
16.814012210955138 112.35226972773238 -20.494144
16.81400578982167 112.35226913739837 -20.186516
16.813980131952636 112.35226661713533 -20.023146
16.81396730862235 112.35226532805423 -20.137657
16.813960880428336 112.35226476850333 -19.624975
16.813954466712183 112.35226413447792 -19.612436
16.81395447236548 112.3522641054016 -19.807583
16.81394797047258 112.35226392488242 -16.75165
16.81393522200823 112.35226225064528 -19.454216
16.813928747431127 112.35226192962345 -17.342173
16.81392240992899 112.35226090359026 -19.962109
16.813922402347853 112.35226094258206 -19.700415
16.813915991599774 112.3522602932759 -19.792246
16.81390958249561 112.352259635521 -19.941074
16.813896749012727 112.35225840361124 -19.67916
16.813877615736104 112.35225595148695 -23.343573
16.81386465172756 112.35225539145314 -18.575233
16.81374925575607 112.35224373605453 -20.082853
16.813710732561464 112.35224012937877 -18.797003
16.813685106878484 112.35223743640888 -19.879858
16.81367225238068 112.35223630478795 -18.980196
16.813652879605357 112.35223509643026 -14.351859
16.81365300420812 112.35223445016705 -18.68865
16.81363376119861 112.35223255536583 -18.666193
16.81361451247601 112.35223069106866 -18.440119
16.813614522690603 112.35223063853043 -18.792736
16.813601677807185 112.35222946010833 -18.210064
16.813588803735485 112.35222843236217 -16.61651
16.813582435565895 112.35222756448968 -18.195787
16.813569609811275 112.35222628908346 -18.264973
16.813550367094084 112.35222439810718 -18.220774
16.8135508823528 112.35222172636976 -36.149784
16.8135375905009 112.35222287637035 -19.944586
16.813377103124086 112.35220788301494 -14.456888
16.813364305479567 112.35220647450112 -15.42016
16.81336427072185 112.35220665328009 -14.2202425
16.813364321697367 112.35220639108366 -15.980036
16.81335789143361 112.35220584886136 -15.374049
16.8133514065375 112.35220558785583 -12.880541
16.813338628357318 112.35220408091006 -14.503943
16.813312960755937 112.35220164178281 -13.892121
16.813312991948635 112.35220148134003 -14.968975
16.813293783412266 112.35219944242755 -15.91635
16.813293742600123 112.35219965234923 -14.507405
16.81297323183158 112.35216782185317 -15.645187
16.812966835140138 112.35216711582011 -16.127893
16.812954036169312 112.35216574897136 -16.791054
16.8129541892068 112.35216495640724 -22.109991
16.81294771436957 112.35216466380172 -19.81842
16.812941329724936 112.35216389674552 -20.709713
16.812934792885844 112.3521639235311 -16.273909
16.812921925016454 112.35216290842807 -14.572994
16.812915572769516 112.35216198066486 -16.542551
16.812915557492115 112.35216206462708 -15.979679
16.812902746874556 112.3521607510315 -16.280024
16.812377397176228 112.35210860671285 -15.8701105
16.812377423575914 112.35210846553782 -16.817017
16.812345417816132 112.35210525288726 -16.855606
16.812319851281153 112.35210247371045 -18.28715
16.812313457437643 112.35210179006029 -18.570156
16.81103152810505 112.35197255496256 -32.67045
16.810973495889897 112.35196784763656 -26.591322
16.81096063508852 112.35196661007573 -26.526686
16.810922054951472 112.3519629005049 -26.316765
16.810915781924546 112.35196146777406 -31.748516
16.810889917100152 112.35195973760574 -26.623457
16.810838723351885 112.35195350867387 -34.956364
16.81080639679485 112.3519513220269 -28.708084
16.810780821514538 112.35194808745852 -33.675247
16.810754902575226 112.35194663196052 -26.698242
16.810748618085505 112.35194525710871 -31.739065
16.81074211228234 112.35194503172205 -29.064915
16.8107034686388 112.3519416418833 -26.688309
16.810697041443262 112.35194100753564 -26.756763
16.810684243328076 112.35193944476309 -28.86615
16.810677872340833 112.35193851634457 -30.906967
16.810652208057245 112.35193575895194 -32.650604
16.810645683125845 112.35193563434159 -29.295092
16.8106455890537 112.35193611834094 -26.04609
16.810632768023584 112.35193469176274 -27.23712
16.810613496830538 112.35193274771557 -27.704704
16.810607249057924 112.35193118248938 -34.015198
16.810607044089345 112.35193224782027 -26.865154
16.810594185701433 112.35193100156357 -26.838516
16.810581379879277 112.35192949072808 -28.586578
