lat lon elevation
16.20562503251994 111.57908243739952 -3.2691183
16.20561218652425 111.57908117037101 -5.4767833
16.205593060672864 111.57907921193122 -2.8310792
16.205567468128162 111.5790766335814 -3.1375146
16.205516289023848 111.57907146291076 -3.4947395
16.20547150278855 111.57906704851315 -3.6215901
16.2054395282701 111.5790637492644 -3.584869
16.20542675820669 111.57906242047522 -2.7795675
16.205426758364087 111.57906242041197 -2.772889
16.20533723337792 111.57905314531023 -2.697762
16.205292465684828 111.57904849329036 -2.8262467
16.20524770593107 111.57904382839988 -2.6147478
16.2052221118232 111.57904116599862 -3.2540443
16.20517099007506 111.57903580662354 -1.731731
16.20515817944326 111.57903447642954 -2.5561059
16.205145396623735 111.57903313540182 -2.2786188
16.205087832519208 111.57902710799232 -2.565325
16.205055861349997 111.57902375118866 -2.3185687
16.205036676109785 111.5790217371571 -2.3067195
16.204998304019032 111.57901770579927 -2.2409153
16.204979124217388 111.57901568721627 -2.0080712
16.204959931573633 111.57901367248829 -2.2684176
16.204908758275575 111.57900829217752 -2.4920652
16.204902356856582 111.579007621236 -2.715876
16.204857581090714 111.57900290929204 -2.7905834
16.20483200112132 111.57900021320327 -2.5363972
16.20481275117335 111.57899821633882 -5.0419035
16.2044865060806 111.57896388880066 -3.4904892
16.20448646813611 111.57896390404508 -5.100601
16.20441614930848 111.57895650000711 -2.0788307
16.20439052201133 111.57895383305004 -3.295501
16.204352191834833 111.57894979153312 -0.36348945
16.204345725525084 111.57894914967564 -3.1752846
16.204320128373205 111.57894647723914 -3.1479576
16.204320121602027 111.57894647944616 -3.3917375
16.204307321230786 111.57894514351183 -3.3411252
16.204300927805495 111.57894447426368 -3.1302369
16.204262536503375 111.57894046801714 -2.624603
16.204236917217667 111.5789378100958 -3.3134222
16.204198578940474 111.57893371610172 -1.9921349
16.204179333407136 111.57893175493244 -3.3612914
16.20414731781626 111.57892846790651 -3.2740207
16.203814287888097 111.57889453086547 -3.1886392
16.203807917787778 111.57889386823878 -1.7191119
16.203763059199474 111.57888934120298 -2.8147995
16.203756662528452 111.57888869078766 -2.5180867
16.203750254224996 111.57888804469417 -2.675248
16.203731021852064 111.57888610918182 -3.3844244
16.203679768806097 111.57888094397708 -4.252885
16.20365418629445 111.5788783463142 -2.8281615
16.203628545732197 111.57887577281029 -3.8044865
16.203564471302684 111.57886933756436 -5.36217
16.203487642674496 111.57886160387932 -4.8961787
16.20307164807429 111.57881981709257 -2.608441
16.20301402769967 111.57881405057967 -4.3217716
16.202956442352853 111.57880827003252 -4.863709
16.202924448223644 111.57880507286585 -4.004636
16.202905259633535 111.57880314052137 -4.342252
16.202898846747576 111.57880250291784 -5.1573653
16.20286692852279 111.57879925633337 -3.1313767
16.202841366264785 111.57879666934703 -2.71927
16.202828549468755 111.57879539047156 -4.0865116
16.202809428628804 111.57879343031631 -1.7653015
16.20268157469735 111.57878050144004 -2.771446
16.20243882479495 111.57875581093558 -0.6834733
16.202426039913043 111.5787545122221 -1.0258605
16.20241327093512 111.57875320730454 -0.74141604
16.202387723867755 111.57875060020926 -0.5778814
16.202355781498863 111.5787473419195 -0.6765131
16.202355785498792 111.57874734031138 -0.5067798
16.202330235127633 111.5787447308684 -0.46381113
16.202317456646362 111.5787434274777 -0.63100404
16.20230468498425 111.57874212054521 -0.47368237
16.2022919151 111.57874081209452 -0.20548078
16.202259977026277 111.57873754658625 -0.26316357
16.202202483935416 111.57873166432726 -0.5435284
16.202189698552083 111.57873036134369 -1.1237134
16.20217054545714 111.5787283940142 -0.75646317
16.202170544842815 111.57872839426119 -0.78253233
16.202132220710503 111.57872446445323 -0.82108605
16.202113053595316 111.57872250038615 -1.0584596
16.201946970521107 111.57870543353903 -1.8649143
16.201940582324003 111.57870477549494 -1.8589704
16.20193420188901 111.5787041151998 -1.6035603
16.20189586316033 111.5787001711914 -2.1905477
16.201889508262898 111.57869949950792 -0.80408615
16.201883087747053 111.57869885411814 -2.201186
16.201851147327538 111.57869556056603 -2.2839236
16.201831978953745 111.57869358550606 -2.5349622
16.20183198530271 111.57869358295316 -2.265525
16.20183198853102 111.57869358165506 -2.128522
16.201812810874525 111.57869160855294 -2.6798005
16.201806426207906 111.57869094766174 -2.5393522
16.20180004208053 111.57869028694498 -2.4148455
16.201780852182182 111.57868831738618 -3.4589741
16.20178086175187 111.57868831405176 -3.0964017
16.20176809229118 111.57868699133688 -2.8028355
16.201761696713408 111.57868633517022 -3.194565
16.201755313455283 111.5786856729989 -2.9808748
16.201748962722373 111.57868499766067 -1.3850302
16.20171698207641 111.57868171092029 -3.010028
16.201697823507242 111.57867972631973 -2.7360015
16.20163393919682 111.57867313806582 -2.5881937
16.201627533506098 111.57867248121165 -3.276709
16.20161477382589 111.5786711469463 -2.4926426
16.201589210220785 111.5786684937859 -2.6509192
16.201013847608806 111.57860865139452 -1.7624695
16.20100745300184 111.57860798575933 -1.6519258
16.20099465948713 111.57860665668748 -1.6419314
16.200975447135274 111.5786046712129 -2.4735773
16.20096906331844 111.57860400122304 -1.8812525
16.200962656967747 111.57860334025948 -2.2384055
16.200949871412657 111.57860200748824 -1.7944793
16.200943474808568 111.57860134264402 -1.7289517
16.200937080137134 111.57860067702566 -1.5774175
16.200924281827074 111.57859934940593 -1.6429917
16.200905089458498 111.57859735693148 -1.5761333
16.200898692676322 111.57859669267651 -1.530776
16.20088589473219 111.5785953649874 -1.5330902
16.20053381210843 111.57855894372902 -1.6493418
16.200527408744158 111.5785582826183 -1.5837749
16.200521019153022 111.57855761649216 -0.9707571
16.200521003403015 111.57855762282445 -1.6392102
16.200508196882335 111.5785563016851 -1.5633335
16.200501805133708 111.57855563703072 -1.0722997
16.20046977505341 111.57855234162308 -1.4737868
16.200456956360824 111.57855102605235 -1.861926
16.200450561814424 111.57855036286435 -1.4635838
16.200431343318247 111.57854838565282 -1.5669944
16.200424933154707 111.57854772840605 -1.7755369
16.20042493618183 111.578547727189 -1.6470627
16.20041212897075 111.57854640810868 -1.5445384
16.20039290502594 111.57854443438832 -1.8644422
16.200367300764782 111.57854173585662 -1.6597987
16.200354490935567 111.57854042582586 -1.4955734
16.200341673110145 111.57853911920505 -1.6593744
16.20032886785652 111.57853780772018 -1.2785414
16.20030963889418 111.57853584979603 -1.6223607
16.20025838519253 111.57853062079487 -1.4016013
16.200251971555957 111.57852997001712 -1.6469065
16.200239164991594 111.57852866021517 -1.248836
16.200232750874797 111.57852800974477 -1.5077662
16.200232751334266 111.57852800956005 -1.4882662
16.200226340976595 111.5785273576151 -1.5854783
16.20022634253907 111.57852735698691 -1.5191662
16.20021352759476 111.57852605088453 -1.4622715
16.2002007064215 111.57852474742563 -1.6614511
16.20019430340219 111.57852409270431 -1.4368684
16.200181490466782 111.57852278661332 -1.3150854
16.200181489930763 111.57852278682884 -1.3378344
16.200162263424872 111.57852083006051 -1.3817594
16.200149448645366 111.57851952405318 -1.2388852
16.200143043530666 111.57851887089899 -1.1291203
16.20008536386494 111.57851300285597 -1.1337383
16.2000853608191 111.57851300408053 -1.2630022
16.200078957363676 111.57851235002184 -1.0274098
16.200078957722187 111.57851234987771 -1.0121949
16.200059721844095 111.57851039804476 -1.3777708
16.2000533205608 111.57850974367243 -1.0856586
16.200046908519717 111.5785090941243 -1.28951
16.200046910639482 111.57850909327206 -1.1995494
16.200040505712398 111.57850843991886 -1.0193486
16.200027683157355 111.57850713836811 -1.1948812
16.20002768527494 111.57850713751674 -1.1050129
16.200021274104998 111.57850648672138 -1.1867517
16.19999564504728 111.5785038773987 -0.841907
16.199989231670862 111.57850322755698 -1.0130773
16.199982823256178 111.57850257573172 -0.97295475
16.199957186015578 111.57849997045196 -0.99858403
16.199950777717362 111.57849931862668 -0.9505085
16.199944369018453 111.57849866696996 -0.9189564
16.19993154079598 111.57849736754734 -1.2734187
16.19991872475495 111.57849606421128 -1.1905385
16.19991872424601 111.5784960644159 -1.212137
16.199912318016146 111.57849541179411 -1.0739987
16.19990590834805 111.57849476055834 -1.0815332
16.1998995002686 111.57849410868685 -1.0214491
16.199880266957187 111.57849215669827 -1.2226976
16.199867453296978 111.57849085196244 -0.99570656
16.199854636330176 111.57848954855349 -0.9092138
16.199848223694403 111.57848889851607 -1.0423521
16.19984181453636 111.57848824707796 -1.028066
16.199841821410036 111.57848824431433 -0.7363615
16.199835398636303 111.57848759834756 -1.3001025
16.199829000530848 111.57848694390222 -0.9388125
16.199816176377965 111.57848564334654 -1.15974
16.19980335960067 111.57848433980422 -1.0691295
16.199790537708452 111.57848303829276 -1.1973729
16.199649534351956 111.57846870415496 -1.2656883
16.199630309524558 111.5784667476968 -1.1898601
16.199617484538987 111.57846544668584 -1.5047362
16.1996110862429 111.57846479140433 -1.1431371
16.19961107346552 111.57846479654177 -1.6853647
16.19959186285146 111.5784628344893 -1.0752345
16.199559820350757 111.57845957313627 -1.0791216
16.19955982331673 111.57845957194374 -0.95325685
16.199553413728843 111.57845892004144 -1.0058495
16.199547008113534 111.57845826651813 -0.8918338
16.199514964288326 111.5784550048325 -1.0181936
16.199495735599292 111.57845304849974 -1.2232838
16.19927151388079 111.57843016229498 -0.7571869
16.19926510188341 111.57842951009168 -1.0354633
16.19925230046831 111.57842819651596 -0.6443447
16.199233080845268 111.57842623296469 -0.82695615
16.199226673194122 111.57842557883447 -0.94215983
16.199213868259438 111.57842426631665 -0.74362636
16.199207462768886 111.57842361171056 -0.81870395
16.199207463393485 111.57842361145943 -0.79219913
16.199207467863562 111.57842360966207 -0.6025132
16.199175444782593 111.57842033299357 -0.7275542
16.19916904347484 111.57841967605081 -0.60749125
16.19914983420863 111.57841770764901 -0.53523993
16.19913061869506 111.57841574058048 -0.68568474
16.199117807079567 111.57841442989833 -0.8872107
16.19911780996682 111.57841442873739 -0.76469237
16.19910500203584 111.57841311694868 -0.86674845
16.19904098254908 111.57840659445743 -1.0364555
16.19904098633822 111.57840659293385 -0.87566626
16.19902817912831 111.57840526734678 -0.88941133
16.19902176984113 111.57840460681561 -1.1441061
16.199015370922886 111.57840394210244 -0.9633138
16.198996162517442 111.57840195258777 -0.94270205
16.198989762205112 111.57840128840085 -0.8394208
16.198989762552433 111.57840128826118 -0.82468283
16.198951348381954 111.5783973094619 -0.94422257
16.198944948196782 111.57839664522804 -0.868811
16.198944949218625 111.57839664481718 -0.8254502
16.198759339753725 111.57837739409199 -1.066026
16.198752945566984 111.57837672983699 -1.0136361
16.198740150081218 111.57837540146521 -0.9844466
16.1987273565745 111.57837407253794 -0.89341366
16.19870815850953 111.57837208276321 -1.1297951
16.198708159705237 111.57837208228246 -1.0790567
16.198708144436605 111.57837208842147 -1.7269654
16.198708163031135 111.57837208094521 -0.9379254
16.198695366757647 111.57837075378603 -1.0200918
16.19869535809384 111.57837075726947 -1.3877318
16.198688960685278 111.57837009350283 -1.4063404
16.198676176538765 111.5783687618984 -1.007662
16.198663382502865 111.57836743457258 -1.05123
16.198656985937106 111.57836677132715 -1.1027668
16.198656988478174 111.57836677030546 -0.9949388
16.19865058963288 111.57836610709244 -1.0679934
16.198637791460143 111.57836478207072 -1.3325076
16.19861221603534 111.57836212509005 -1.0796965
16.198605820878047 111.57836146147832 -1.0766124
16.19859302957512 111.57836013492904 -1.129555
16.198529092186792 111.57835350183501 -1.0479873
16.198529092554264 111.57835350168726 -1.0323939
16.198516303089683 111.57835217683314 -1.1449673
16.198509902746807 111.57835151682724 -1.447932
16.19850352109098 111.57835084942 -0.96364707
16.198503519522678 111.57835085005055 -1.0301974
16.19848433974468 111.57834886250893 -1.0888236
16.198484340544315 111.57834886218744 -1.0548913
16.198471556990068 111.57834753655027 -0.99672836
16.198465165727665 111.57834687370305 -0.9543511
16.198458773727488 111.57834621127299 -0.94896966
16.198439600179114 111.57834422369915 -0.86007696
16.198407640149636 111.5783409153002 -1.0041289
16.19840125143064 111.5783402526861 -0.9103166
16.19839485965739 111.57833959191301 -0.99211335
16.198388467320335 111.5783389310177 -1.0630044
16.197986106370973 111.57829745569269 -1.0255136
16.197960577076685 111.57829483659394 -0.8638325
16.197960575711257 111.57829483714298 -0.92177945
16.19794781253798 111.57829352846572 -0.8403283
16.19794781601649 111.57829352706702 -0.6927048
16.197941418636333 111.57829287860484 -1.2669239
16.197941428280576 111.57829287472688 -0.8576345
16.197935042294716 111.57829222232647 -0.99208575
16.19790951673118 111.5782896074446 -0.8235604
16.197903129835506 111.57828895622403 -1.0130477
16.19790313458931 111.57828895431248 -0.8113004
16.19789675627816 111.5782883007256 -0.7173356
16.197775435303726 111.57827586222109 -0.9897156
16.197775437279866 111.57827586142643 -0.90584743
16.197737186239067 111.57827200114659 -1.0580251
16.197730813491283 111.57827135726903 -0.98555624
16.197730819949847 111.57827135467177 -0.71144843
16.197724438112484 111.57827071457906 -1.0259058
16.19771169025248 111.57826942837217 -0.9834641
16.197711694553963 111.57826942664232 -0.800904
16.19770531829007 111.57826878468093 -0.88159585
16.197705317216425 111.5782687851127 -0.92716265
16.197698949690476 111.57826813975619 -0.63770026
16.19769894233295 111.57826814271506 -0.9499645
16.197692560860027 111.57826750308361 -1.2530141
16.197686199518447 111.57826685594738 -0.7424355
16.197679823913553 111.5782662151357 -0.877879
16.197667080881274 111.57826492863433 -0.6410412
16.1976607049356 111.57826428732037 -0.7106879
16.19762883094058 111.57826107988834 -0.81167126
16.19762883102063 111.57826107985615 -0.8082737
16.19752046371155 111.57825018685087 -0.7549684
16.19750134122033 111.5782482661271 -0.6753118
16.197501336680716 111.5782482679531 -0.86799407
16.197494965677866 111.57824762634526 -0.68813396
16.197488592540587 111.57824698562325 -0.5958333
16.19748858693144 111.5782469878795 -0.8339125
16.197482212513734 111.57824634769707 -0.7928151
16.19747583430108 111.57824570906283 -0.90954196
16.197469464152494 111.57824506815867 -0.7612759
16.197463090798305 111.57824442760506 -0.664956
16.197450339018832 111.57824314905224 -0.71704924
16.197329180638985 111.57823100372295 -0.69170356
16.197316422630916 111.5782297264163 -0.76749825
16.197310041829827 111.57822908841234 -0.872851
16.19731004515579 111.57822908707425 -0.73167306
16.197303667215834 111.57822844786655 -0.7095682
16.197297286155415 111.57822780938135 -0.7734685
16.197290909323456 111.57822717009219 -0.7323747
16.19727815431785 111.57822589091398 -0.60747933
16.197265390165647 111.57822461515234 -0.8449358
16.197246256213766 111.57822269698653 -0.71056914
16.197246254754415 111.57822269757368 -0.7725158
16.197214355246953 111.5782195012858 -0.68141574
16.19720797590491 111.57821886153873 -0.6177251
16.19720159185067 111.57821822359371 -0.7466223
16.197195212091952 111.57821758430168 -0.7260227
16.197195213784266 111.57821758362076 -0.65418607
16.19717606428147 111.57821566778293 -0.8563335
16.19717606355785 111.5782156680741 -0.8870504
16.197163298543753 111.57821438981667 -0.92872703
16.19716330084325 111.57821438889138 -0.83111525
16.197156924743066 111.57821374701923 -0.56802166
16.197144155731102 111.57821246969685 -0.7311523
16.19713138937347 111.57821119083363 -0.7486762
16.19712500468044 111.5782105518282 -0.8091786
16.19709308750935 111.5782073528233 -0.75661564
16.197093088088266 111.57820735259034 -0.73204076
16.19708670277687 111.57820671257043 -0.72660244
16.19695258093407 111.57819326097206 -0.75775474
16.196927017268248 111.57819069660142 -0.95065546
16.19692062828806 111.57819005426383 -0.89110863
16.196901458624374 111.57818812720197 -0.76599216
16.196895057495233 111.57818748898505 -1.1806638
16.19689506475197 111.57818748606441 -0.8726064
16.196888673997254 111.57818684347573 -0.8363915
16.19688228282746 111.57818620085618 -0.80727863
16.196869496057445 111.5781849168001 -0.9054326
16.19685671072749 111.57818363135402 -0.8999561
16.19684392568109 111.5781823449714 -0.83967847
16.196811959328045 111.57817912824805 -0.7774678
16.196805563315674 111.5781784850858 -0.8251553
16.19679916420656 111.57817784295331 -0.9933913
16.196779970397206 111.57817591382732 -1.2830515
16.196741597915945 111.57817204394786 -0.96282184
16.196735202680486 111.5781713980235 -0.85640305
16.19667761030977 111.5781655884579 -0.8943206
16.196677599867662 111.57816559266112 -1.3376062
16.196658408188274 111.57816364957004 -0.9042033
16.196639202003965 111.5781617101604 -0.9861078
16.19662639715655 111.57816041626731 -1.0127041
16.19661999701134 111.57815976805833 -0.9140673
16.196619996889755 111.57815976810727 -0.91922873
16.196607194898757 111.57815847308444 -0.8822794
16.196600791110537 111.57815782560992 -0.90493804
16.196543147485787 111.57815199110082 -1.015749
16.19651124204703 111.57814880675508 -1.0104773
16.196459895725738 111.57814356051664 -0.9062064
16.19644705409999 111.57814224846521 -0.98078907
16.1964277938601 111.57814027784731 -0.93235743
16.196427787500962 111.57814028040718 -1.2023077
16.196421372033466 111.57813962123103 -0.9718981
16.19640852939313 111.57813830693365 -0.9810803
16.196402098650456 111.57813765325392 -1.3724786
16.19638284412492 111.57813567721792 -1.0169531
16.196363575669892 111.57813370348354 -1.057073
16.196357152103634 111.57813304498809 -1.045805
16.196337875724563 111.57813107254938 -1.370284
16.196305756442797 111.57812777735424 -1.360241
16.195926581709774 111.57808871648824 -1.1414855
16.19592015314208 111.57808805290577 -1.1862566
16.195894446690776 111.57808539570388 -1.0921085
16.195888018583467 111.57808473186006 -1.1283181
16.195875161183046 111.57808340463005 -1.2589563
16.195868739252973 111.57808273828584 -1.0411447
16.195868736407533 111.57808273943097 -1.1619096
16.19586874004915 111.57808273796542 -1.0073539
16.19586231275184 111.5780820737816 -1.0203098
16.19586231093001 111.57808207451478 -1.0976305
16.195830176661154 111.57807875279832 -1.1173269
16.195733793012 111.578068784955 -1.1017393
16.195733793099972 111.5780687849196 -1.098006
16.19573379192051 111.57806878539422 -1.1480614
16.195727369212946 111.57806811995206 -1.0569986
16.19571451690473 111.57806679200861 -1.1843393
16.19570809516593 111.57806612634836 -1.0693134
16.195682393655126 111.57806347020686 -1.287351
16.195656702401028 111.57806081155995 -1.2124659
16.195643853718906 111.57805948321132 -1.2839588
16.195643861414553 111.57805948011467 -0.9573724
16.19562458940973 111.57805748903154 -1.1754438
16.19561816411349 111.57805682587589 -1.3039272
16.195438424743415 111.57803823663777 -1.1965989
16.19542559071149 111.57803691033207 -1.214826
16.195425589657994 111.57803691075596 -1.2595311
16.195419180485 111.57803624491257 -0.970626
16.195406348210632 111.57803491976783 -1.0537547
16.195406348677626 111.57803491957992 -1.0339378
16.195399930493647 111.57803425781971 -1.1568502
16.195393516164106 111.57803359466432 -1.1261264
16.195380690354295 111.57803226768003 -0.9737699
16.195374269549575 111.57803160757004 -1.2448965
16.195355028002545 111.5780296199262 -1.2428982
16.195335790485558 111.57802763215243 -1.1624467
16.1951946879694 111.57801306610084 -1.3345387
16.1951946927256 111.57801306418733 -1.1327192
16.195162719448778 111.5780097763629 -1.1808277
16.19514993035169 111.57800846174872 -1.2053733
16.19512435956558 111.57800583313403 -1.1788296
16.19512435764463 111.57800583390686 -1.2603416
16.195117966535086 111.57800517643736 -1.2001499
16.195111575755053 111.57800451901066 -1.1353334
16.195098794262627 111.5780032056145 -1.1113241
16.195086014559152 111.57800189170769 -1.0071841
16.195079620956736 111.57800123627916 -1.1073782
16.195041279212425 111.5779972992399 -1.045197
16.195041272582852 111.57799730190717 -1.326514
16.195015722394462 111.57799467607981 -0.98275775
16.195009331142796 111.57799402148034 -1.0706804
16.19498377430388 111.57799140149505 -1.1611992
16.194964611352862 111.5779894362353 -1.1055194
16.194951835980252 111.57798812732081 -1.1458284
16.194945450664672 111.57798747189054 -1.0550405
16.194734731320867 111.57796591943277 -1.2412975
16.19472835173052 111.57796526637142 -1.1000464
16.194728354475593 111.57796526526687 -0.9835559
16.194721965194706 111.57796461524313 -1.175197
16.194709197398957 111.57796331211179 -1.1890601
16.194702815068812 111.57796266005649 -1.1325843
16.194690049129523 111.57796135721503 -1.1199285
16.194677284417146 111.57796005375619 -1.0215937
16.1946645196727 111.57795875161366 -1.0111665
16.194658129802153 111.57795810320502 -1.2856809
16.194645363277086 111.57795680127694 -1.2741584
16.194638981463253 111.57795614986583 -1.2097352
16.194626217513353 111.57795484740197 -1.0967178
16.194619836436306 111.57795419591997 -1.002951
16.19461983022419 111.57795419841973 -1.2665762
16.19452408240418 111.57794444719337 -1.2303494
16.194524086279657 111.5779444456338 -1.0658813
16.194517697974497 111.5779437980277 -1.2719661
16.19451769655015 111.5779437986009 -1.3324126
16.19451769735298 111.57794379827781 -1.2983423
16.194504929580827 111.57794249964923 -1.3312293
16.194485781136727 111.57794055074017 -1.2320464
16.194479397764063 111.57793990140951 -1.2190119
16.194473007787153 111.57793925473632 -1.481139
16.19443471120359 111.5779353596609 -1.3092694
16.19437725313387 111.57792952194134 -1.240128
16.194358095590783 111.57792757829014 -1.3620045
16.19435809858346 111.5779275770857 -1.2349956
16.19435809634859 111.57792757798516 -1.3298433
16.19435171075205 111.5779269300211 -1.352216
16.194319783825037 111.5779236903451 -1.3986492
16.194319783217406 111.57792369058967 -1.4244373
16.194319784856038 111.57792368993016 -1.3548932
16.19431340245876 111.57792304070423 -1.2164679
16.194307015773745 111.57792239320325 -1.2555394
16.19428785461405 111.57792045108931 -1.3889477
16.194287856174267 111.57792045046136 -1.3227314
16.194287854965612 111.57792045094781 -1.374027
16.19428146855581 111.57791980331895 -1.3826773
16.194243151688 111.57791591813196 -1.3827214
16.194236764975464 111.57791527054145 -1.3683206
16.194096209699246 111.57790103645537 -1.6102873
16.194089810957248 111.57790039298325 -1.9642814
16.194077036988144 111.57789909595478 -1.6130854
16.194032284385717 111.57789457549026 -2.2786984
16.194019518889142 111.5778932750734 -1.5197574
16.19401311954441 111.57789263121954 -1.8133725
16.19401312435496 111.57789262928308 -1.6092023
16.19400673009177 111.57789198332479 -1.6796997
16.193993949734274 111.57789068745937 -1.4110616
16.193987551015883 111.57789004311186 -1.6480793
16.193987549020886 111.57789004391496 -1.7327514
16.193974943400576 111.57788872951588 -1.4481895
16.19396853894365 111.57788808404362 -1.4395156
16.193942916485614 111.57788550333974 -1.522233
16.19393651389162 111.577884856777 -1.395284
16.193898076465423 111.57788098471737 -1.4010246
16.193866038037132 111.57787775903145 -1.5173037
16.193866034369314 111.57787776050802 -1.6729754
16.193846810061437 111.57787582523953 -1.7542753
16.193827590672495 111.57787388687719 -1.5273896
16.1938275892223 111.57787388746101 -1.5889394
16.19381477423155 111.57787259665969 -1.57477
16.193801945322072 111.57787131021868 -2.0457866
16.19332745497388 111.5778234570605 -1.7145969
16.193314626686306 111.57782216092154 -1.7835923
16.193314629288373 111.57782215987386 -1.6731648
16.193308216112534 111.57782151134516 -1.6684537
16.19329538919106 111.57782021486237 -1.7279673
16.193288974995763 111.57781956660912 -1.7709037
16.193288977000243 111.57781956580205 -1.6858373
16.19328255629169 111.57781892012746 -2.0068278
16.19328256455026 111.57781891680224 -1.6563505
16.193263324503384 111.57781697063176 -1.6931173
16.19322484853034 111.57781307552989 -1.6483378
16.193218432700064 111.5778124274863 -1.7836852
16.19321843342205 111.57781242719561 -1.7530462
16.1931350763382 111.57780398129177 -1.8336344
16.193128654177464 111.57780333533852 -2.2819893
16.19311584493769 111.57780202922406 -1.7013654
16.193115842564506 111.57780203017961 -1.8020755
16.193109430991043 111.57780137988243 -1.8127172
16.19310302227393 111.57780072840954 -1.706159
16.19307096297111 111.57779747701431 -1.9032289
16.193070962376687 111.57779747725365 -1.9284536
16.193064550931364 111.57779682674055 -1.9633435
16.19301326825021 111.5777916188259 -2.0726337
16.19301327070752 111.57779161783645 -1.9683555
16.192994042965534 111.57778966312259 -1.9388374
16.192744187955462 111.5777642083655 -2.1196086
16.192724978841394 111.57776224740037 -2.1782668
16.19271217502251 111.57776093911706 -2.1443374
16.192699370935454 111.57775963006249 -2.0700731
16.19268643026076 111.57775839300456 -2.0775723
16.19267364497685 111.57775707530557 -2.12811
16.192667254369375 111.57775641539826 -2.055256
16.192660860648335 111.5777557568062 -2.1248918
16.192654466276192 111.57775509850363 -2.229559
16.192654470107545 111.57775509696087 -2.0669785
16.192648076222664 111.57775443849039 -2.1583056
16.192628896942903 111.57775246230207 -2.3748817
16.192622507532178 111.57775180215285 -2.3050437
16.192616123858404 111.57775113972663 -1.9987677
16.192590556222452 111.57774850363684 -2.2401657
16.192590557702616 111.57774850304084 -2.1773553
16.1925841652738 111.57774784480186 -2.3169894
16.192545829877563 111.57774388560524 -2.2343783
16.192545831455693 111.57774388496978 -2.1674109
16.19251388916694 111.57774058625698 -2.1846042
16.192501112191074 111.57773926674784 -2.2026157
16.19243085025223 111.57773200911456 -2.2380075
16.19242445868519 111.57773135081115 -2.4021704
16.192398920412625 111.57772870935193 -2.1182988
16.192373375662196 111.57772607105102 -2.1378179
16.192373373457855 111.57772607193868 -2.2313619
16.192347832920706 111.57772343302331 -2.1355488
16.192341442035453 111.5777227757852 -2.3649206
16.192335057021765 111.57772211625418 -2.348663
16.192309520131616 111.57771947902923 -2.3041124
16.19230313368204 111.57771882040927 -2.3621786
16.192258440499167 111.57771420766278 -2.361514
16.192220137022346 111.57771025549616 -2.2854927
16.192143530686113 111.57770235919253 -2.2101855
16.192143529422626 111.57770235970133 -2.2638054
16.192137138937106 111.57770170492329 -2.5460877
16.192086078353338 111.57769644595413 -2.2552803
16.192079693281674 111.57769578983779 -2.3113086
16.192079695737796 111.57769578884869 -2.2070737
16.192054160186963 111.5776931634382 -2.2289267
16.192047776576704 111.57769250721636 -2.221869
16.192041393030518 111.5776918510665 -2.2116244
16.192041389174232 111.57769185261951 -2.375282
16.192028627723165 111.57769053834276 -2.113638
16.192015859972933 111.57768922699825 -2.1164432
16.19199032671654 111.57768660460248 -2.0155036
16.19197116736297 111.57768464265274 -2.326715
16.191964785500875 111.57768398750484 -2.2732477
16.19159439372817 111.57764624009766 -2.4030244
16.191581612167266 111.57764494827791 -2.5372374
16.19157522889959 111.57764429950802 -2.2787752
16.191568841587106 111.57764365246543 -2.1864667
16.191543277898194 111.57764107108304 -2.373952
16.19153050020851 111.57763977929557 -2.2570724
16.19153050083299 111.577639779044 -2.2305677
16.1915241052581 111.57763913600408 -2.4490569
16.19152410809168 111.57763913486265 -2.3287895
16.191524109918856 111.57763913412661 -2.2512379
16.191504939379975 111.5776371990525 -2.1843739
16.191492156033476 111.57763591067304 -2.2367408
16.19149215315072 111.5776359118343 -2.3590956
16.191472977836177 111.57763398055329 -2.445076
16.19144102404405 111.57763076167437 -2.2632282
16.191441029418524 111.57763075950929 -2.0351145
16.191434634834707 111.57763011734815 -2.1261048
16.19142823588266 111.57762947703387 -2.396151
16.191421848512075 111.57762883262004 -2.2086887
16.191409163273406 111.57762745139702 -2.3139668
16.191396364403058 111.57762617935268 -2.236246
16.19138356356104 111.57762490895502 -2.259386
16.191351557117635 111.57762173442616 -2.2469244
16.191281139244417 111.5776147597017 -1.9618969
16.19126833146662 111.57761349410666 -2.0181305
16.191261928200902 111.57761286113941 -2.0112798
16.1912619248856 111.57761286247516 -2.1519957
16.191236311664536 111.57761033261204 -2.1972284
16.191229911423655 111.5776096986711 -2.034459
16.19122991471954 111.57760969734315 -1.894568
16.191217104144503 111.57760843362233 -1.978654
16.1912171095006 111.57760843146428 -1.751319
16.191197886720374 111.57760653902965 -2.136063
16.19118507975122 111.57760527427956 -2.018292
16.191178675411535 111.57760464229948 -1.9882251
16.19117227322308 111.57760400948403 -1.8619437
16.191153059017605 111.57760211476743 -1.8190072
16.19115305748765 111.57760211538391 -1.8839444
16.191101807009616 111.57759706758686 -1.9945425
16.191095404778377 111.57759643503994 -1.8157173
16.191050556130005 111.57759202072147 -1.8533239
16.19103133615045 111.57759012849867 -1.7726941
16.191031332361366 111.5775901300256 -1.9335155
16.19102493351127 111.57758949757729 -1.6906081
16.191018525042185 111.57758886756174 -1.7309391
16.191012116807922 111.57758823744254 -1.7579122
16.191005710549707 111.57758760651635 -1.6976892
16.190999303922545 111.57758697572655 -1.6498634
16.190980078858257 111.5775850853561 -1.707432
16.19097366775322 111.57758445630573 -1.837258
16.19095444886372 111.57758256321281 -1.5970985
16.19094163051937 111.57758130334591 -1.6672751
16.190935218892836 111.57758067483881 -1.8431131
16.19092881810478 111.57758004145495 -1.5158608
16.190909588245024 111.57757815171105 -1.64595
16.190909589481667 111.57757815121265 -1.5934638
16.190851908295052 111.57757247835724 -1.6708703
16.19083908898028 111.57757121762647 -1.7134944
16.19082627132217 111.5775699560156 -1.6796046
16.190819860092933 111.57756932609414 -1.7623696
16.190819864992694 111.57756932411924 -1.5544133
16.19081986363238 111.57756932466752 -1.6121478
16.19081345489991 111.57756869368208 -1.5875942
16.190813452590252 111.57756869461303 -1.685621
16.190800638572135 111.57756743251092 -1.6080409
16.190787821539974 111.57756616993852 -1.5321747
16.19078782035499 111.57756617041616 -1.5824676
16.190736548006527 111.57756111910999 -1.4226459
16.190691679454968 111.57755669733969 -1.4785326
16.190691680853767 111.57755669677582 -1.4191654
16.19068527064714 111.5775560648878 -1.4410866
16.190672447732293 111.57755480241384 -1.6376976
16.19065962399786 111.57755353943001 -1.82919
16.190646814442903 111.5775522703585 -1.420034
16.19063399091999 111.57755100653564 -1.6053456
16.190627581711386 111.57755037344857 -1.5904337
16.190627581940134 111.57755037335636 -1.5807254
16.190621169665 111.5775497414061 -1.6965624
16.19060835347307 111.57754847383296 -1.5755581
16.190595529859255 111.57754720979808 -1.8537706
16.190563489530202 111.57754403790372 -1.5698118
16.190544261362703 111.57754213503793 -1.5820576
16.190518625995512 111.57753959586437 -1.5658323
16.190512215475312 111.57753896133165 -1.6268106
16.19050580687132 111.57753832590575 -1.6081548
16.190505804195666 111.57753832698447 -1.7217101
16.19031997207705 111.57751983700219 -1.5421414
16.190313567037528 111.57751919654909 -1.4886833
16.190287941007846 111.57751663368882 -1.3954933
16.190275123946467 111.57751535298436 -1.5413721
16.190268717766248 111.5775147114556 -1.5198988
16.19026231022843 111.57751407032087 -1.5596566
16.19025590777975 111.57751342698009 -1.3870958
16.19025590636139 111.57751342755202 -1.4472895
16.19023668712892 111.57751150139288 -1.4564184
16.190211061294228 111.57750893106757 -1.5304022
16.190204654398816 111.57750828826771 -1.5772814
16.190198249283043 111.57750764459138 -1.5526501
16.19017903789602 111.57750571148844 -1.3756564
16.190166227493524 111.57750442276358 -1.370701
16.190153413300195 111.57750313588339 -1.62455
16.190140604464407 111.57750184519554 -1.584338
16.190127720904734 111.57750062868894 -1.743336
16.189929388286394 111.57748035689877 -1.4426105
16.18991659300445 111.57747904364605 -1.5355049
16.18991019743559 111.57747838596171 -1.4999363
16.189897401974733 111.57747707189527 -1.6239848
16.189884612526537 111.5774757548208 -1.5083276
16.189865425817448 111.57747377915153 -1.471043
16.189859033000328 111.57747311968254 -1.3897524
16.18980146499696 111.57746718702991 -1.8434
16.18979507463304 111.57746652423157 -1.61298
16.189782292470504 111.57746520022951 -1.3416659
16.189775896574176 111.57746453974937 -1.3966779
16.189763102247397 111.57746321942179 -1.6242474
16.189743919717568 111.57746123435757 -1.6098888
16.189731140426314 111.57745990814713 -1.3530548
16.18971835159538 111.57745858384136 -1.3922915
16.189718350729812 111.57745858419042 -1.429025
16.189718348889556 111.57745858493254 -1.5071232
16.18969916735884 111.57745659687303 -1.5161067
16.1896863843998 111.57745526899897 -1.336366
16.189679987211708 111.5774546071888 -1.4931432
16.189673594133676 111.57745394360565 -1.478373
16.189660807449695 111.57745261630993 -1.4797451
16.189622445146483 111.57744863266745 -1.6451219
16.18961605205371 111.57744796809801 -1.655424
16.189609664167936 111.57744730132387 -1.4472972
16.18959687557363 111.57744597308535 -1.6202247
16.189584094380493 111.5774446410068 -1.4513848
16.18955852479934 111.57744197856788 -1.4473919
16.189520167083664 111.57743798440279 -1.7309543
16.189507390408043 111.5774366482546 -1.4235471
16.18950099990305 111.57743598140898 -1.4052209
16.189469041383052 111.5774326459394 -1.3943558
16.189430697191213 111.57742863836953 -1.1833713
16.189424305796216 111.57742797046599 -1.1834387
16.189411518177224 111.57742663636634 -1.3903248
16.189379560080795 111.57742329562146 -1.4746528
16.189353996547425 111.57742062121272 -1.4810672
16.189353996889537 111.57742062107476 -1.4665478
16.189347606467724 111.5774199515382 -1.4010205
16.18932204119475 111.57741727671947 -1.5040755
16.18930925618332 111.57741593972152 -1.6422616
16.189296480728792 111.57741459964781 -1.4593717
16.189296476175567 111.5774146014839 -1.6526138
16.189283700574716 111.57741326032247 -1.3985311
16.18928369648987 111.57741326196967 -1.5718952
16.189283701006683 111.57741326014829 -1.380198
16.18924535856505 111.57740924199696 -1.2996415
16.18922618562965 111.5774072335773 -1.3779749
16.18920701288323 111.57740522435589 -1.4154612
16.18920701410679 111.57740522386248 -1.3635318
16.189200621543016 111.57740455473117 -1.4468393
16.18919422368258 111.57740388771003 -1.7553207
16.189149498965488 111.57739919411902 -1.4035863
16.18912393185977 111.57739651502331 -1.5723616
16.188970563037564 111.57738043102162 -1.4931173
16.188964173612494 111.5773797605256 -1.4377922
16.18893222196594 111.57737641021045 -1.3427945
16.188906654534712 111.57737373290675 -1.5125843
16.18889386931367 111.57737239504947 -1.6563122
16.188893870993923 111.57737239437198 -1.5849973
16.188887480627276 111.57737172458968 -1.5602837
16.188874703915474 111.57737038493035 -1.4557782
16.188830000254175 111.57736568897153 -1.6252987
16.188798025784223 111.5773623506403 -1.717224
16.18857421217225 111.57733902533765 -1.549639
16.188574208107735 111.57733902697635 -1.7221537
16.188567815640425 111.5773383609947 -1.6058731
16.18854862489872 111.57733636897215 -1.819936
16.188503861728222 111.5773317185202 -1.6933051
16.188484674486933 111.57732972796558 -1.745039
16.188478282076638 111.57732906330418 -1.61992
16.18847188166227 111.57732840197215 -1.8341875
16.188452694963676 111.57732641273492 -1.8577673
16.188427118942 111.5773237608332 -1.741745
16.18842072509472 111.57732309770174 -1.6751136
16.18841433056321 111.57732243495563 -1.6373247
16.18838233118672 111.5773191336656 -2.5800204
16.18838234447045 111.57731912831005 -2.0161974
16.18835037076472 111.57731581951597 -1.8666904
16.188324793600778 111.57731317382677 -1.6672539
16.18831839234576 111.57731251551827 -1.9137393
16.18829921044953 111.57731053298296 -1.765796
16.1882864240358 111.57730921096892 -1.5762659
16.188017825953892 111.57728160462146 -1.6676025
16.18799224122946 111.57727898917142 -1.8696414
16.18797945076927 111.57727768147251 -1.8911363
16.18796666603435 111.5772763720565 -1.6756034
16.187947475721366 111.57727441429917 -1.9187086
16.187941083404606 111.5772737606766 -1.8526748
16.187928292188495 111.57727245553897 -1.9214907
16.187921900269103 111.57727180169123 -1.8005333
16.187909102346485 111.5772705000906 -2.1588655
16.187883530451263 111.57726788889785 -1.8689451
16.187883529148756 111.57726788942303 -1.9242318
16.187864345537026 111.57726593437441 -1.9148448
16.18785795010544 111.57726528332881 -1.9514208
16.187851552557632 111.5772646332746 -2.0787044
16.187813190565112 111.57726072693156 -1.9129362
16.187813179959903 111.57726073120762 -2.3630862
16.187806794701473 111.57726007812336 -2.055949
16.187774825169065 111.57725682733685 -1.9620951
16.187768404153395 111.5772561885259 -3.0974329
16.187762033769808 111.57725552943502 -2.0845728
16.187762035727943 111.57725552864548 -2.0014572
16.187749248092928 111.57725422976665 -1.9679543
16.1877492400048 111.57725423302789 -2.3112657
16.187698094977737 111.57724904065005 -1.9815942
16.187698099116943 111.57724903898102 -1.8058994
16.187691695108427 111.57724839491853 -2.2308557
16.187653340707662 111.57724450568931 -1.884963
16.18764694171995 111.57724386051514 -2.1035833
16.187563795860598 111.57723543131105 -1.9823258
16.18755101193658 111.57723414450544 -2.0584545
16.187531838919853 111.57723221404343 -2.0577085
16.187531838201927 111.57723221433294 -2.0881822
16.187525440422885 111.57723157381326 -2.3771682
16.187519055183028 111.57723092835316 -2.1347187
16.187512668218 111.5772302837036 -1.966286
16.187506269907434 111.57722964374297 -2.2802002
16.18750627079514 111.577229643385 -2.2425196
16.187487105833796 111.57722771256678 -1.9568217
16.187480709076542 111.57722707194247 -2.1671505
16.187474329623434 111.57722642492719 -1.6840103
16.187467935140198 111.5772257840794 -1.8394535
16.187455150738447 111.57722450133652 -1.9986725
16.18744236907878 111.57722321741801 -2.0031133
16.187404025750354 111.57721936731498 -1.9532288
16.187397628103504 111.57721872882803 -2.247613
16.18736567656659 111.577215523889 -2.245789
16.187365677404042 111.57721552355123 -2.2102406
16.187352899426106 111.57721424120697 -2.1065722
16.187346510034015 111.57721360008067 -2.0517125
16.187340114198605 111.57721296163328 -2.270369
16.18732733745667 111.57721167895278 -2.0738866
16.187295384334206 111.5772084781056 -2.059013
16.187250647109938 111.57720400090894 -2.1456401
16.18711004907523 111.57718994627224 -2.1578014
16.187097268433337 111.57718866945157 -2.1238284
16.18709087033329 111.57718803398045 -2.4150794
16.187078093649312 111.57718675523994 -2.1654468
16.187065309693327 111.57718547948518 -2.2164237
16.18705252439537 111.57718420438931 -2.321969
16.187026960727113 111.57718165159753 -2.2219324
16.187020571764922 111.57718101264355 -2.1102123
16.187014176084453 111.57718037641027 -2.2821307
16.186982219229588 111.57717718665934 -2.202741
16.186969437072236 111.57717591102794 -2.1747127
16.18696943382755 111.57717591233698 -2.3124495
16.18689912483668 111.57716889725684 -2.1854117
16.186899124015962 111.57716889758798 -2.2202513
16.186892728855852 111.57716826105012 -2.332021
16.186879944744053 111.57716698549957 -2.2917256
16.186879941645504 111.57716698674976 -2.4232602
16.186860767321736 111.57716507301788 -2.308553
16.186847979593548 111.57716379872333 -2.3995557
16.186847978133155 111.57716379931259 -2.4615502
16.186835199578045 111.5771625212181 -2.1538858
16.186835194197357 111.57716252338918 -2.382299
16.186828807336468 111.5771618833267 -2.1223369
16.18681602028617 111.57716060849347 -2.1610029
16.186816016593493 111.57716060998344 -2.3177595
16.186803227185184 111.57715933597858 -2.446734
16.186796840446576 111.57715869571282 -2.1693418
16.186777646938282 111.57715678813837 -2.7352076
16.18662420104276 111.5771414728773 -2.1469634
16.186611408251366 111.5771401977781 -2.2900507
16.18660501476792 111.57713955871503 -2.2129748
16.18658582657941 111.5771376442437 -2.2909524
16.18658582380928 111.57713764536165 -2.408548
16.186573038944516 111.5771363657701 -2.1360316
16.18656024471217 111.5771350896728 -2.2479954
16.186534658121033 111.57713253579628 -2.3493185
16.186528262548745 111.57713189671234 -2.3212636
16.186521869325045 111.57713125660268 -2.190088
16.186464301650417 111.5771255049834 -2.1911118
16.186457905400953 111.57712486527127 -2.1533256
16.18645150591131 111.57712422678023 -2.2495034
16.186445109599347 111.57712358691917 -2.2071826
16.186425916717415 111.5771216683966 -2.2259958
16.186425928658828 111.57712166357673 -1.7190626
16.186419519053967 111.57712102920402 -2.2669814
16.186419521603433 111.57712102817499 -2.1587522
16.18640031914234 111.57711911195041 -2.4998348
16.186393925885604 111.5771184701307 -2.2985427
16.186381126064354 111.57711719206104 -2.4902198
16.18637473019486 111.57711655101274 -2.3886726
16.18636833398634 111.57711591000559 -2.2977722
16.186342741559432 111.57711334803528 -2.2159235
16.186329945366122 111.57711206647114 -2.1528797
16.186304352101033 111.57710950249582 -2.018284
16.186297968923018 111.5771088959397 -2.230252
16.18628517439882 111.57710760771681 -1.9796556
16.186272369968158 111.57710632211366 -2.0530896
16.186003454209764 111.57707925188086 -2.1225302
16.185990643896492 111.5770779603006 -2.1581159
16.18593939899763 111.57707279192098 -2.3306293
16.185932998476883 111.5770721438941 -2.161561
16.18593299105587 111.57707214689022 -2.4765902
16.185920187939264 111.57707085044575 -2.135685
16.185913782222475 111.57707020328913 -2.0963657
16.185913777393424 111.57707020523878 -2.3013632
16.18589456166525 111.5770682646013 -2.2658095
16.185868939506907 111.57706567669048 -2.2514555
16.185856123208772 111.57706438385779 -2.4066155
16.18584972157093 111.57706373468876 -2.2031825
16.185824088276 111.57706114799826 -2.4944625
16.185798462973 111.5770585572536 -2.436545
16.185766432486282 111.57705531607381 -2.2039127
16.18576002007381 111.57705467016271 -2.4170303
16.185734388401464 111.57705207853053 -2.4789374
16.185727979455727 111.57705143085823 -2.5312939
16.18570235093093 111.57704883654092 -2.406291
16.185676716264318 111.5770462436184 -2.500975
16.185631864008876 111.5770417015342 -2.3339446
16.185625442408554 111.57704105792381 -2.8837435
16.185606220678295 111.57703910934619 -2.6911972
16.185401117976323 111.57701832660821 -2.7038996
16.18539470480755 111.57701767789185 -2.8293574
16.18534983770259 111.57701312633075 -2.6470242
16.185349837478533 111.57701312642122 -2.656535
16.185343422720386 111.57701247761489 -2.7987654
16.185324193379245 111.57701052644966 -2.7064438
16.185317780103375 111.57700987742055 -2.821879
16.185298554289464 111.57700792501107 -2.6077704
16.185272908434342 111.57700532542434 -2.7375855
16.18526649808452 111.57700467503568 -2.7212832
16.18520238859331 111.57699817409598 -2.8937967
16.18519597497092 111.57699752437799 -2.968361
16.185195971440205 111.57699752580369 -3.1182277
16.185151106812302 111.57699296896513 -2.6473024
16.185144691812614 111.57699232021868 -2.8175101
16.18511263372309 111.57698906959448 -2.9469085
16.1850869914361 111.57698646781792 -2.9074378
16.185080586690695 111.57698581491017 -2.6406426
16.18507417133948 111.57698516628687 -2.8239932
16.18502929316967 111.57698061420312 -2.8658037
16.185022885677984 111.57697996244451 -2.716313
16.18501649838114 111.5769792976166 -2.6909964
16.185016494032585 111.57697929937261 -2.8755727
16.185003674453263 111.57697799934219 -2.72959
16.184965200642765 111.57697410269787 -2.6957982
16.184939549418367 111.5769715064917 -2.8090444
16.18493955432273 111.57697150451123 -2.6008797
16.184926727406868 111.57697020678467 -2.696367
16.184869016458478 111.57696436375937 -2.7321956
16.184599742784105 111.57693710916952 -2.760804
16.18459333531074 111.57693645988995 -2.6802893
16.18458692348988 111.57693581192365 -2.7462113
16.184580513672127 111.57693516415354 -2.8106828
16.18457409839807 111.57693451766279 -3.0281641
16.184554875817874 111.57693256905164 -2.70951
16.18455487411482 111.5769325697394 -2.781791
16.184548462320915 111.57693192196962 -2.858721
16.184542051019683 111.5769312740826 -2.920537
16.184535640962167 111.57693062573583 -2.9322324
16.184529233505277 111.57692997638166 -2.8362422
16.184510005999254 111.57692803065304 -2.7825968
16.1839782757125 111.57687428284882 -3.2485468
16.18396547474671 111.57687298764806 -3.0841994
16.183965474958836 111.57687298756237 -3.075197
16.183933461610078 111.57686975459887 -3.1682246
16.18392706303906 111.57686910630454 -3.0069196
16.183914258096674 111.57686781349368 -3.0659914
16.183907854982234 111.57686716717951 -3.107638
16.183901447730435 111.57686652210282 -3.2877412
16.18388224694653 111.57686458061431 -3.119996
16.183863044628367 111.57686263968834 -3.006641
16.183863038872286 111.57686264201344 -3.2509239
16.183670998383437 111.57684325307383 -3.1638086
16.183670994575298 111.5768432546122 -3.3254216
16.18366460416774 111.57684260654045 -3.1769602
16.183651813985225 111.57684131476711 -3.3249109
16.183645420271286 111.57684066809642 -3.3204896
16.183632638366706 111.5768393726982 -3.0895548
16.183626238451517 111.5768387286677 -3.357441
16.183607062397662 111.5768367871879 -3.1666815
16.18359426723335 111.57683549699331 -3.476705
16.183587876431762 111.57683484945588 -3.3680515
16.183575074309633 111.57683356274956 -4.025827
16.183568698825386 111.57683290961722 -3.3147993
16.183555915636436 111.57683161589208 -3.217101
16.1835494999209 111.57683097757187 -4.0894012
16.183447229629962 111.57682063034761 -3.4204936
16.183421658169877 111.57681804578134 -3.434911
16.1834152652956 111.57681739954415 -3.4279196
16.183402481143652 111.57681610647914 -3.34775
16.18339608307875 111.5768154618422 -3.515809
16.183389698550112 111.57681481325316 -3.2362204
16.18337051721649 111.57681287572815 -3.3182254
16.183364125116157 111.57681222921339 -3.2725048
16.183351338658294 111.57681093709851 -3.2736588
16.183344941100323 111.57681029227457 -3.4126754
16.183325758288234 111.57680835535588 -3.5340972
16.18331297751171 111.57680706144039 -3.3219373
16.18331297769337 111.57680706136699 -3.3142278
16.18326182856067 111.5768018948115 -3.4025385
16.183255437298843 111.57680124839634 -3.338052
16.18324904045693 111.57680060319393 -3.421136
16.18296764125493 111.57677219329612 -3.5408185
16.182967643531512 111.57677219237611 -3.444198
16.182961241373924 111.57677154869269 -3.6432834
16.18293565004436 111.57676896705726 -3.7008557
16.182922854972436 111.57676767548324 -3.654062
16.182890864846794 111.57676444688578 -3.5654047
16.182884468009192 111.57676380055646 -3.4829214
16.18287806289922 111.57676315752599 -3.7466738
16.182871667991925 111.5767625103274 -3.5725312
16.18286526679918 111.57676186562384 -3.6602423
16.18282687321104 111.5767579919089 -3.5870633
16.18282047467137 111.57675734580491 -3.5271041
16.182807669751696 111.57675605710149 -3.7650855
16.18275007116277 111.57675024377276 -3.397647
16.18273085633118 111.5767483112132 -3.826854
16.18271165839476 111.57674637186553 -3.5345438
16.182705252696913 111.57674572772883 -3.6839228
16.182698843511126 111.5767450844657 -3.9354768
16.182666838645403 111.57674185361897 -3.6126719
16.182647630928813 111.57673991705566 -3.6145146
16.182641224497395 111.57673927266033 -3.74111
16.182634824478207 111.57673862561651 -3.5901575
16.182628414422418 111.57673798257237 -3.8597598
16.18255797016916 111.5767308788964 -3.690363
16.182551564374666 111.57673023343291 -3.7145236
16.182545156277175 111.5767295888413 -3.8310914
16.182538754442582 111.57672894165914 -3.6765351
16.182506726604803 111.57672571240299 -3.6165006
16.18248750691244 111.57672377582543 -3.6848838
16.18229516840953 111.57670441308032 -3.9122212
16.18229517246903 111.57670441143931 -3.7399406
16.182275909448617 111.57670247924148 -3.9458997
16.18224381166789 111.57669925507292 -3.939769
16.18223097910165 111.57669796245696 -3.6477816
16.182230976048707 111.57669796369109 -3.7773428
16.18222455322682 111.57669732044695 -3.9474094
16.182211719519437 111.57669602901247 -3.7775314
16.182173195429165 111.57669216014061 -3.9773297
16.182173195832405 111.5766921599776 -3.960217
16.182160354247653 111.57669087016612 -4.03406
16.182153940994592 111.57669022216153 -3.7510011
16.18214109889992 111.5766889323552 -3.846953
16.182134677439777 111.5766882880538 -3.9535508
16.182121845247774 111.57668699405583 -3.6318974
16.1821025750399 111.57668506121621 -4.044867
16.18205764622753 111.57668053778353 -3.7021387
16.182051219954445 111.57667989459573 -3.988154
16.18204480628835 111.57667924628959 -3.7412183
16.181999872350623 111.5766747244761 -3.8223855
16.181961360269796 111.57667084568723 -3.7885277
16.18180092490546 111.57665466889668 -4.0107718
16.181794515371223 111.57665401862528 -3.754074
16.18178167830325 111.57665272634588 -4.1045375
16.18174960696763 111.57664948524318 -4.0280457
16.181730353390783 111.57664754478024 -4.497385
16.181717533639812 111.57664624474964 -4.168517
16.181704711115813 111.57664494589947 -3.9867003
16.181691882468897 111.57664364958941 -4.0947304
16.18167905953838 111.57664235103836 -3.9908807
16.181666237258703 111.57664105229945 -3.8907182
16.18162776889778 111.57663715764748 -3.8862252
16.181621353052076 111.57663651034451 -4.09715
16.181621357596256 111.57663650850738 -3.9043336
16.181621347511093 111.57663651258466 -4.332261
16.181595717546887 111.57663391011401 -3.8434262
16.181595714431154 111.57663391137368 -3.9756308
16.181563668433224 111.57663066331767 -4.005275
16.181544443364853 111.5766287137201 -4.015684
16.181544449375007 111.57662871129025 -3.760668
16.181538033065248 111.57662806405891 -4.0659604
16.181531626199295 111.57662741352482 -4.020335
16.18149959317243 111.576624161316 -3.9183846
16.181486779388422 111.57662286071742 -3.9524298
16.1814611519857 111.57662025986426 -4.1270256
16.18144834413536 111.57661895732163 -4.0263777
16.18144193707043 111.57661830737948 -4.1241345
16.181390712314773 111.57661309650082 -3.919742
16.181339499936293 111.57660788490837 -3.9646683
16.181256302256614 111.57659941125532 -4.305308
16.18124351759796 111.5765981028223 -3.9200747
16.18121792608549 111.57659549461339 -4.136424
16.181198740711245 111.57659353569481 -4.0582757
16.18118595321853 111.57659222891431 -3.9414928
16.1811729712425 111.57659097541708 -4.176023
16.181160209629937 111.57658966187063 -4.0512958
16.181134689930687 111.57658703549934 -3.8990605
16.181128305361906 111.5765863805679 -4.0532475
16.181121909598982 111.57658573018584 -4.689472
16.181115534550223 111.57658507152102 -4.459449
16.181102784365766 111.57658375439962 -4.031951
16.18109640503847 111.57658309763765 -4.012063
16.181090025603105 111.57658244097676 -4.006026
16.18106450672799 111.57657981536265 -4.119919
16.181051747040524 111.5765785034795 -4.279842
16.181038996871326 111.57657718700881 -3.9884536
16.181019864459554 111.5765752168222 -4.0157194
16.181013486646172 111.57657456018246 -4.0412936
16.18100711154555 111.57657390250112 -3.9592135
16.180987981761962 111.57657193159919 -3.9464095
16.180987980641284 111.57657193205235 -3.993962
16.180962475984412 111.57656930424925 -3.9993775
16.180956088213303 111.5765686521265 -4.5093193
16.180936963190465 111.57656668055445 -4.447219
16.18093697101771 111.57656667738941 -4.1150875
16.180930594122025 111.57656602108139 -4.187206
16.180917850753815 111.57656470585385 -4.026542
16.180911475352957 111.57656404909807 -4.051389
16.180898727163886 111.57656273468494 -4.0053234
16.180879593778418 111.57656076793792 -4.4427986
16.180809488652258 111.57655353988507 -4.2003036
16.180796745741826 111.57655222539482 -4.089222
16.180713895920963 111.57654369188047 -4.24116
16.180688409027105 111.57654106567959 -4.1031075
16.180650167582044 111.57653713135939 -4.2945857
16.180618306732256 111.57653385098031 -4.123998
16.18059918210633 111.57653188647643 -4.343552
16.18057369577339 111.576529262746 -4.079696
16.180560939027938 111.576527956356 -4.4880676
16.180560946035754 111.5765279535218 -4.190664
16.180529071264935 111.57652468120261 -4.4256787
16.18052270135741 111.57652402479192 -4.2469697
16.180509957228374 111.5765227138061 -4.0599494
16.180503581808274 111.57652205971493 -4.1022215
16.18049720424522 111.57652140748301 -4.311458
16.18049083205236 111.5765207521445 -4.2074127
16.18048445415387 111.57652009914196 -4.340626
16.180471706331755 111.57651879047636 -4.293691
16.1804653290539 111.5765181373052 -4.3850656
16.180446201223916 111.57651617584881 -4.4157543
16.180427079065826 111.57651421328954 -4.2337017
16.18041432998326 111.57651290511163 -4.09588
16.18039519842503 111.57651094619213 -4.173851
16.18037606468467 111.57650898838607 -4.2851033
16.1803696900868 111.57650833448459 -4.1670566
16.18034417832674 111.57650572496392 -4.22718
16.18028676488688 111.57649985833193 -4.305753
16.180274005342806 111.57649855617325 -4.350745
16.180274028254086 111.5764985469057 -3.3783202
16.1802676243046 111.57649790514482 -4.372898
16.18026124730862 111.57649725249425 -4.214182
16.180235723178317 111.57649464854411 -4.169409
16.180184659549006 111.57648944779329 -4.290682
16.18018466021137 111.57648944752536 -4.2625685
16.17997385030795 111.57646806619987 -4.3680434
16.179961066811117 111.57646677355922 -4.274886
16.179935502025582 111.57646418632707 -3.754921
16.179929096407484 111.57646354533178 -4.203652
16.1799290834713 111.57646355056545 -4.752737
16.17987802276027 111.57645834932967 -4.7440495
16.179871624236593 111.57645770571749 -4.4407134
16.17986521356843 111.57645706652413 -4.5985622
16.17983318573266 111.5764538609566 -4.178256
16.179833179277576 111.5764538635683 -4.4522486
16.179801135485576 111.57645066315594 -4.294324
16.17978831233462 111.57644938515625 -4.377557
16.179781911913533 111.57644874209923 -3.9666338
16.179781902432303 111.57644874593544 -4.3690705
16.179775486470763 111.57644810866682 -4.5642185
16.179769078018754 111.57644746834187 -4.427678
16.17976906992798 111.5764474716155 -4.7710958
16.179756254116402 111.57644619046852 -4.413081
16.179730594409634 111.57644363930899 -4.7366996
16.179698530727467 111.5764404454751 -4.3964996
16.179672862896783 111.57643789681798 -4.620076
16.179672868897917 111.57643789438971 -4.3653603
16.179627946580435 111.57643343633158 -4.5863667
16.17957659925822 111.57642834133195 -4.3496885
16.179467420113113 111.57641753589992 -4.525283
16.179460998385487 111.5764168997679 -4.4249845
16.179441723156803 111.57641499525621 -4.4987698
16.17943529819277 111.57641436031267 -4.501728
16.17942245071347 111.57641309078846 -4.500956
16.179396748422683 111.57641055144109 -4.471178
16.179383896549762 111.57640928187249 -4.4411106
16.179383895904095 111.57640928213378 -4.468513
16.179377468580306 111.5764086478631 -4.5012326
16.179345335832313 111.57640547445938 -4.3937845
16.17933247807468 111.57640420675507 -4.5008054
16.179332474771325 111.57640420809194 -4.640999
16.17930033768314 111.57640103526215 -4.4847198
16.178927349236144 111.57636425221075 -4.553825
16.178920918636837 111.57636361684696 -4.504973
16.178920917673025 111.57636361723709 -4.5458694
16.178895188040613 111.576361078379 -4.6712894
16.178895190939752 111.57636107720549 -4.548276
16.178888758951743 111.57636044223854 -4.5658593
16.17886946644692 111.57635853574165 -4.4834633
16.178869465689004 111.57635853604843 -4.515622
16.17885659572203 111.57635726824704 -4.8236136
16.17878585335816 111.57635027637274 -4.9568906
16.17877943362982 111.57634963590516 -4.501822
16.178772996803467 111.5763490032576 -4.8546147
16.178773005643038 111.57634899967938 -4.4795628
16.17876657199375 111.57634836478658 -4.6229167
16.178727992788012 111.57634454562277 -4.609382
16.17872156298632 111.57634390896679 -4.6202035
16.17870870455309 111.57634263509549 -4.606791
16.178689420319717 111.57634072317704 -4.520467
16.178573712138935 111.5763292549687 -4.468893
16.178567289965144 111.57632861404599 -4.394404
16.17856086352576 111.57632797531068 -4.5487437
16.17854800988721 111.57632669615035 -4.749277
16.178541587090027 111.57632605491017 -4.690115
16.178528736709378 111.57632477430647 -4.7976723
16.178496625716903 111.57632156640796 -4.5688396
16.178490205132796 111.57632092412148 -4.478686
16.178483775966633 111.57632028529275 -4.7608304
16.178425993631365 111.57631450320116 -4.322046
16.17798995380253 111.57627059378827 -4.5118275
16.177951538446397 111.57626669849061 -4.5601473
16.177945137808905 111.57626604849827 -4.5218644
16.177932336007125 111.5762647488015 -4.5036907
16.17793233427348 111.57626474950347 -4.577231
16.17792593743849 111.57626409804695 -4.413713
16.17791313780576 111.5762627985927 -4.4566426
16.17790674061562 111.57626214735922 -4.3443227
16.177893942218706 111.57626084708372 -4.3666897
16.177887540462525 111.57626019729896 -4.4437947
16.17788113830364 111.57625954818872 -4.590499
16.177855552716714 111.57625694315446 -4.357843
16.177804382612806 111.57625173324195 -4.3511934
16.17779159162598 111.576250430467 -4.404667
16.17777240267598 111.57624847756117 -4.679692
16.17772766509548 111.57624390719064 -4.1858025
16.1777084864681 111.57624195167607 -4.4210186
16.177670150764783 111.57623803340888 -4.332697
16.17765736807412 111.57623672835396 -4.491982
16.177657369648724 111.57623672771633 -4.425187
16.177638203880953 111.57623476781579 -4.460974
16.177638207256877 111.57623476644874 -4.317767
16.17763182182964 111.57623411243354 -4.25903
16.17763182167646 111.57623411249557 -4.2655277
16.17761904336717 111.57623280664376 -4.417987
16.17760627121538 111.57623149798468 -4.314601
16.177580728278702 111.57622888207615 -4.307058
16.17752326714033 111.57622299353191 -4.40784
16.17751689091973 111.57622233609271 -4.1196566
16.177497738386172 111.576220374161 -4.369581
16.177338266988343 111.57620398514968 -4.2224665
16.17730633840018 111.57620071299405 -4.091796
16.17729359559995 111.57619939948395 -4.1741586
16.177280855363293 111.57619808513134 -4.1826096
16.1772808433223 111.57619809000795 -4.6934395
16.17726174497287 111.5761961154275 -4.380984
16.177255380590957 111.57619545614537 -4.179438
16.177249011071755 111.57619479899162 -4.2038836
16.177236265984956 111.5761934872763 -4.5330615
16.177229902793453 111.57619282770183 -4.312509
16.177210800775978 111.57619085429857 -4.2238345
16.17717259709762 111.5761869090718 -4.264126
16.177172599052824 111.5761869082799 -4.181174
16.17715986303085 111.57618559351457 -4.256619
16.17712166946652 111.57618164629119 -4.173301
16.177115303772318 111.57618098853784 -4.1777687
16.1767207803729 111.57614022033147 -4.268455
16.176714416966472 111.57613956365994 -4.284529
16.17670169104543 111.57613825001394 -4.2724295
16.176695323603955 111.57613759551666 -4.4933457
16.176695326874448 111.57613759419166 -4.354555
16.176688966679542 111.57613693629487 -4.225271
16.176682591076037 111.57613628417663 -4.7070966
16.17665714665327 111.57613365478974 -4.3468184
16.176644418152136 111.57613234249995 -4.39525
16.17663169902454 111.57613102743615 -4.113032
16.176618967644394 111.57612971642878 -4.2560925
16.176606235848666 111.57612840560535 -4.3985796
16.176606233993148 111.57612840635713 -4.4773264
16.176599874468543 111.5761277488826 -4.3139763
16.1765935097146 111.57612709257474 -4.287965
16.176587144993004 111.5761264367472 -4.296627
16.176561688215426 111.5761238131707 -4.237893
16.176555320090067 111.57612315877313 -4.3684206
16.176523494126492 111.5761198809684 -4.3242273
16.176517125594405 111.57611922678231 -4.441498
16.176491667349044 111.57611660366041 -4.1810827
16.176485289184246 111.57611595340424 -4.6789885
16.176440730172658 111.57611136598584 -4.2519464
16.17642798045798 111.57611006327775 -4.8971357
16.17641525966237 111.57610874937266 -4.3312936
16.176408887940344 111.57610809652586 -4.4783397
16.17639615372272 111.57610678708964 -4.359597
16.176383413098645 111.57610548024122 -4.483865
16.17637067721862 111.57610417145882 -4.3771806
16.17635157060596 111.57610220938736 -4.278697
16.176326082737194 111.57609959823796 -4.563198
16.176300594781083 111.57609698749769 -4.7613997
16.176281491423467 111.57609502388365 -4.2560897
16.176256001515767 111.57609241319732 -4.2568984
16.176256000838638 111.57609241347171 -4.28564
16.17623687933344 111.57609045695393 -4.362267
16.176230498200873 111.57608980772594 -4.6802783
16.17622413097288 111.57608915285 -4.3988395
16.176205009346074 111.576087197668 -4.465817
16.176166760491796 111.57608328627408 -4.3370566
16.17616038420479 111.5760826349166 -4.3440914
16.17615400649777 111.57608198411717 -4.4014587
16.17615400673247 111.57608198402205 -4.391496
16.17613486988298 111.576080033026 -4.6616383
16.17609660999282 111.57607612491327 -4.339791
16.176020089456447 111.5760683058108 -4.430517
16.176007316751278 111.57606701048718 -4.4349375
16.176007320963816 111.57606700877979 -4.256117
16.175988155460452 111.57606506917159 -4.5352435
16.175981776087117 111.57606441904188 -4.232451
16.17598177368667 111.57606442001483 -4.334349
16.17596260647998 111.57606247979898 -4.4740505
16.175956219205354 111.57606183227547 -4.422659
16.175949831778276 111.57606118430206 -4.3264427
16.175917884424432 111.57605795101671 -4.358674
16.175911492187062 111.57605730529143 -4.4419694
16.175898713588186 111.57605601136332 -4.3267145
16.175770842446653 111.57604310043995 -4.559759
16.175732464918056 111.57603923039962 -4.4651155
16.175719662492412 111.57603794457033 -4.8133082
16.1757132680889 111.57603729859329 -4.662937
16.175706875637044 111.57603665174464 -4.416514
16.17570047652168 111.57603600759577 -4.4460588
16.17570046980247 111.57603601031963 -4.7312956
16.175694076208533 111.57603536389117 -4.5164485
16.1756876773454 111.57603471955717 -4.515317
16.17568767040383 111.57603472237119 -4.8099933
16.17567487711385 111.57603343177928 -4.5896482
16.17566207808455 111.57603214334509 -4.57351
16.17565568592354 111.576031496083 -4.238578
16.17564928312304 111.57603085309121 -4.345558
16.175610870746688 111.57602699243425 -4.5971045
16.175444321748525 111.5760102846337 -6.085814
16.17539950290002 111.57600577181314 -4.5562043
16.175348242039576 111.57600062876108 -4.1279964
16.175322593487838 111.57599806271244 -4.445379
16.175316181838475 111.57599742088063 -4.4860344
16.17529694927712 111.57599549412566 -4.4645653
16.175271300375524 111.57599292666282 -4.572829
16.175219998140115 111.57598779168886 -4.703727
16.175175100324022 111.57598329902183 -4.814813
16.175168694034856 111.57598265386834 -4.4784265
16.175123794021022 111.57597816087365 -4.4884157
16.175110948735178 111.57597688309902 -5.1184483
16.17511096212721 111.57597687766864 -4.5499854
16.175104546488836 111.57597623587102 -4.5601087
16.175072468126757 111.57597302625715 -4.544963
16.175027550591818 111.5759685340536 -4.6638427
16.175021135811008 111.57596789131533 -4.5783715
16.175014721974417 111.57596724814978 -4.4487376
16.175008294145265 111.57596661061403 -4.909028
16.174989049715254 111.57596468235232 -4.6463995
16.174963384248713 111.57596211265802 -4.4580398
16.17493128952086 111.5759589048123 -4.6922574
16.174912041603385 111.57595697743923 -4.5378156
16.174892787401532 111.57595505079773 -4.501948
16.174809338750265 111.5759467035111 -4.667898
16.174777225571955 111.57594350915866 -4.6618686
16.17475797467415 111.57594157688563 -4.497239
16.174738716263565 111.57593964735602 -4.639611
16.174302281835928 111.57589582805133 -4.3258276
16.17429586962431 111.57589518093405 -4.1062136
16.174257363922703 111.5758913129496 -4.3332973
16.174218865560235 111.57588744092075 -4.2213717
16.174199618167016 111.57588550435176 -4.126568
16.174193203800787 111.57588485876133 -4.080545
16.174154696643228 111.57588099116467 -4.513586
16.174148288894433 111.5758803425278 -4.167571
16.174141867676838 111.57587969937363 -4.3963356
16.174109788282774 111.57587647309177 -4.4567833
16.17410337896639 111.57587582524093 -4.200526
16.17408412756445 111.57587389130762 -4.4448986
16.17403281512464 111.57586872688026 -4.3404675
16.17373145735899 111.57583838549493 -4.245679
16.17373145311147 111.57583838721794 -4.425915
16.173725039246587 111.57583774351575 -4.6151223
16.173725042821097 111.57583774206574 -4.463445
16.17371863519411 111.5758370959214 -4.3956504
16.173686589639424 111.5758338695285 -4.488205
16.173680173301555 111.57583322677141 -4.7801
16.173667362151583 111.57583193414928 -4.587526
16.1736225093605 111.5758274166959 -4.6009
16.173616105207135 111.57582677007501 -4.468478
16.1735200071207 111.57581709333931 -4.679441
16.173507183292877 111.57581580852441 -5.2505417
16.173475174871854 111.57581259294841 -4.7485356
16.173455967535936 111.57581065160937 -4.457936
16.1734559614387 111.575810654083 -4.716653
16.173449563239537 111.57581000554899 -4.464111
16.173443156506192 111.57580936054843 -4.579199
16.17343035688973 111.57580806562717 -4.278723
16.1734239478274 111.57580742178803 -4.509193
16.173404742671124 111.57580548274069 -4.3799615
16.173391931253644 111.57580419300817 -4.606126
16.173372726146646 111.57580225458508 -4.517468
16.173359917815535 111.57580096384434 -4.624802
16.173321504906035 111.57579709064768 -4.738066
16.173315095947885 111.57579644807537 -5.0584655
16.173283103442667 111.5757932152225 -4.5252423
16.17327669806288 111.57579257168987 -4.7271266
16.173257498598772 111.57579063482716 -4.658482
16.173219082469455 111.57578677036472 -5.4003778
16.173212698487312 111.57578611948068 -4.7900605
16.17317430843022 111.57578224899251 -4.7347193
16.173174315978738 111.5757822459297 -4.414424
16.173167912044377 111.5757816032689 -4.6485987
16.173148719681862 111.57577966792888 -4.558888
16.173135922220087 111.57577837918261 -4.6345515
16.173129529268763 111.57577773259828 -4.435256
16.173110338221843 111.57577579881331 -4.4274993
16.173097542029662 111.5757745106282 -4.513873
16.17309114284848 111.5757738671114 -4.611115
16.173071954867716 111.5757719332242 -4.528982
16.173046369057364 111.57576935672547 -4.57135
16.173046374886415 111.57576935436018 -4.324013
16.173039978058064 111.57576871061588 -4.3636694
16.17301439304001 111.57576613562108 -4.47695
16.173007998503167 111.57576549140413 -4.445324
16.172995212248246 111.57576420206651 -4.2751536
16.1729823969723 111.57576292538894 -5.400005
16.172976028413867 111.57576227205325 -4.372484
16.17290569580925 111.57575519377788 -4.325896
16.1727970273539 111.57574426549222 -4.2728148
16.172790633278282 111.57574362416197 -4.3857827
16.17278424388441 111.57574298101908 -4.3045316
16.172752288192626 111.57573977159231 -4.455303
16.172745899988904 111.57573912848468 -4.349641
16.172739510463146 111.5757384859989 -4.3043327
16.172701162855038 111.57573463709795 -4.563894
16.17265644747644 111.57573014093167 -4.053931
16.172624490709445 111.57572693921406 -4.5737195
16.172605335869076 111.5757250110459 -4.0921474
16.172260447635992 111.57569044786159 -4.6290665
16.172260455734364 111.57569044457347 -4.2854004
16.1722604528897 111.57569044572847 -4.4061184
16.172241297904822 111.57568852689712 -4.342359
16.172215724510277 111.57568590799765 -4.519535
16.172209346414434 111.57568527071899 -4.3080325
16.17220296380849 111.57568463530147 -4.289251
16.172196579889725 111.5756840004448 -4.327451
16.172151898604437 111.57567955455988 -4.364616
16.172145518245877 111.5756789188873 -4.3001223
16.17125791978248 111.57559002728138 -3.9597776
16.171251524723193 111.57558938069644 -4.0750685
16.171245132750173 111.57558873313154 -4.0941505
16.171232350961716 111.57558743552723 -3.942866
16.17123234121601 111.57558743948788 -4.3565254
16.171200386350634 111.57558419189917 -3.8919556
16.171193986482557 111.57558354536548 -4.159867
16.171193990079622 111.5755835439036 -4.0071883
16.17116840971983 111.57558094785995 -4.209296
16.171149235895154 111.57557899391759 -3.8134284
16.170739662470577 111.5755369701535 -3.734217
16.170682003800106 111.57553097712646 -3.7103481
16.17067559520758 111.5755303113771 -3.770913
16.17064996403383 111.57552764575325 -3.8266978
16.170643553771697 111.5755269800485 -3.9344678
16.170637149686534 111.5755263117137 -3.7754478
16.17060511264835 111.575522976542 -3.7393959
16.170605112903303 111.57552297643839 -3.7285745
16.170598707415035 111.57552230800604 -3.6023471
16.17058588804067 111.57552097424801 -3.6934466
16.170566661390936 111.57551897190143 -3.696162
16.170457698666407 111.57550761698879 -3.5865843
16.170444870691956 111.57550628348454 -3.8767583
16.170438458815177 111.57550561580712 -3.9274254
16.170355116544712 111.57549692961605 -3.9223795
16.170323065687846 111.57549358588898 -3.5897346
16.170316655793837 111.57549291702651 -3.504365
16.170310239343905 111.57549225083214 -3.6950064
16.170297413915453 111.57549091539627 -3.7498152
16.170284591026594 111.57548957900633 -3.6913054
16.170233293762735 111.57548423659041 -3.6237729
16.1702140576697 111.57548223402323 -3.5951304
16.17018840489152 111.57547956673905 -3.7614791
16.170175582171684 111.57547823141142 -3.640678
16.17016275749985 111.57547689758366 -3.6386812
16.170111445349836 111.57547156829735 -3.9987333
16.17004731570899 111.57546490944227 -3.9487774
16.170015257707245 111.57546158074935 -3.624983
16.170008840691093 111.57546091752322 -3.790087
16.170008837573562 111.57546091878983 -3.922396
16.16927164001873 111.57538562387226 -3.3160717
16.169265232946763 111.57538498097105 -3.3461492
16.16923960954194 111.57538240897222 -3.298218
16.1692139815408 111.57537984078186 -3.4616544
16.169201170912142 111.57537855651277 -3.4474373
16.169162737836455 111.57537470824472 -3.5920875
16.169149932118696 111.57537342433416 -3.4339266
16.16914353370522 111.57537278130381 -3.2158532
16.16911790122708 111.57537022376431 -3.8141468
16.169111513943964 111.57536957787053 -3.2251947
16.16909872658445 111.57536828920013 -2.393913
16.16909870402395 111.57536829836691 -3.3512547
16.16904107302477 111.57536253933081 -3.3615792
16.168727483570127 111.57533126379275 -1.7876593
16.168708272452665 111.57532935984295 -2.489995
16.168701869142282 111.57532872562754 -2.7552893
16.16868267835353 111.57532681503857 -2.720718
16.168663483807073 111.57532490542744 -2.7949533
16.16865068975575 111.57532363167142 -2.766317
16.168644285771204 111.57532299817035 -3.0931299
16.168637892001954 111.5753223595949 -2.9091327
16.168605910797655 111.5753191752239 -2.8090465
16.16859311832455 111.57531790152973 -2.776729
16.16856753069201 111.57531535560608 -2.866745
16.16853555066461 111.57531217195967 -2.8621395
16.168516370349227 111.57531025889625 -2.5711446
16.16849717785421 111.57530835093338 -2.8250973
16.168298958689668 111.57528859698353 -2.2789016
16.168292569845548 111.57528795706044 -2.1913984
16.16828616900515 111.57528732199098 -2.6148534
16.16824144321468 111.57528284463652 -2.3499923
16.168235053129496 111.57528220496768 -2.3302226
16.168235056135774 111.57528220374532 -2.2026496
16.16821588393957 111.57528028484543 -2.1934328
16.16819670508617 111.57527836929792 -2.5585842
16.168190319103058 111.57527772771265 -2.3733337
16.16817754218989 111.57527644643521 -2.2157128
16.168145592838314 111.57527324538407 -2.1362362
16.16810725541122 111.57526940233782 -2.0218897
16.168088082681404 111.57526748107522 -2.0803895
16.16804974535013 111.57526363525447 -1.9751034
16.167838882657136 111.57524244512426 -1.1897844
16.167800534812017 111.5752385888863 -1.3539921
16.167774974559208 111.57523601303694 -1.0868434
16.167743012453077 111.5752327972914 -1.2864127
16.167730228898925 111.57523150972928 -1.2782874
16.167691883527528 111.57522764294208 -0.9621885
16.167672702675805 111.5752257117643 -1.1107838
16.16765352081977 111.57522378025206 -1.2738984
16.167640739183163 111.57522248961335 -1.100511
16.167627949204068 111.57522120251927 -1.3083068
16.167576818361333 111.57521603845466 -0.72278696
16.1675704240343 111.57521539312033 -0.70431143
16.16756403005285 111.57521474804562 -0.7078747
16.167474504360978 111.5752057128068 -0.810614
16.16743613564959 111.57520183564624 -0.61382926
16.16704581897156 111.57516240069442 -0.38411638
16.167013787276055 111.57515914866522 -0.33710587
16.16698175104604 111.57515589853517 -0.44597602
16.166962530437644 111.57515394832562 -0.4655633
16.166949721704544 111.5751526458693 -0.230595
16.166924085594086 111.57515004686573 -0.3787626
16.16688563396641 111.57514614819412 -0.4705646
16.166872817680574 111.57514484806183 -0.41673088
16.166866411240555 111.57514419726897 -0.3090319
16.166853595760806 111.57514289681994 -0.1981756
16.16683436403239 111.57514094965917 -0.36540782
16.166802310090407 111.57513770555663 -0.6591449
16.166789495623775 111.57513640446922 -0.39452535
16.166609999706832 111.5751182516502 -0.19605899
16.16659076033411 111.57511631266713 -0.41795987
16.166558694591625 111.57511308174051 -0.6920884
16.166539465103718 111.57511114007936 -0.41631377
16.166513813637916 111.57510855829636 -0.62752193
16.166507408057356 111.57510790982782 -0.34521294
16.16649458379673 111.57510661856833 -0.33914328
16.166488168096592 111.57510597453131 -0.4861932
16.166468932518953 111.57510403830693 -0.43337998
16.166411224217807 111.5750982362403 -0.34939724
16.166391984849707 111.57509630532549 -0.44037232
16.16637916956192 111.57509501415593 -0.03553486
16.1663663356459 111.57509373103107 -0.4212657
16.16634069484942 111.57509115520492 -0.047380865
16.166340689788022 111.57509115726477 -0.26215884
16.166334282069915 111.57509051308647 -0.10465054
16.16627014906508 111.57508409705936 -0.60057753
16.166212432561167 111.575078331825 -0.91507757
16.166167556389993 111.57507385018067 -0.66012424
16.16616112498145 111.57507321880601 -1.4952271
16.166141915574638 111.5750712910038 -0.40936476
16.165430627990638 111.5750013846455 -5.8729954
16.165424173110186 111.57500078312528 -8.120537
16.16535386399051 111.57499389266061 -4.2772593
16.165277029544335 111.57498643091137 -6.307942
16.1652323125361 111.5749820370596 -3.5458732
16.165219504155726 111.57498079413423 -4.126037
16.165187488001102 111.57497768428078 -5.4527345
16.165149141258603 111.5749739219364 -4.151938
16.165142770032723 111.57497328703242 -3.143309
16.16510435481819 111.57496954925804 -4.8501377
16.165002006053882 111.57495953402402 -6.4956865
