lat lon elevation
16.162062914902744 111.60112141012746 -5.1191106
16.162108042274916 111.60111711038483 -5.0854726
16.16212749147427 111.60111579610488 -1.2619985
16.162133832163594 111.6011147039512 -4.6817703
16.162133822612624 111.60111466025822 -4.99556
16.16214027233067 111.60111407356581 -4.7849507
16.1621467263529 111.6011135084913 -4.4180374
16.162146746370237 111.60111360486049 -3.7266684
16.162159597866996 111.60111221714558 -4.8386765
16.162198256294342 111.60110860682194 -4.182068
16.162217562059297 111.60110671746432 -4.4420056
16.162223996970994 111.60110609071477 -4.504476
16.162230460314156 111.60110559670696 -3.6124873
16.162243293956806 111.60110418926935 -4.836857
16.162249729362546 111.60110357438485 -4.8092403
16.1622497128675 111.6011034989215 -5.3512015
16.162256154045505 111.60110291292094 -5.1149025
16.162256156039042 111.60110292204119 -5.0494027
16.162256169401125 111.6011029831716 -4.6103773
16.162268984765422 111.6011015122347 -6.2809005
16.162269011764458 111.60110163575355 -5.3938136
16.162281885782583 111.60110044340745 -5.0584607
16.162288316272672 111.60109982580244 -5.0434337
16.162294745282587 111.60109919512061 -5.119694
16.162301167708137 111.60109854146627 -5.3602924
16.162301102333846 111.60109824238047 -7.5082707
16.16231403315781 111.60109733652679 -5.1023264
16.162333262454325 111.60109523919395 -6.7881875
16.162352507615402 111.60109323512621 -7.7912493
16.162358930429154 111.60109260848398 -7.8256927
16.162384633928532 111.6010901874304 -7.335351
16.16238468484612 111.60109042038134 -5.6623282
16.16239758355929 111.60108944752345 -3.7025068
16.162410312173378 111.60108770803271 -7.242727
16.162410321075455 111.60108774876039 -6.950225
16.162416763042863 111.60108723688589 -6.1476903
16.162429584478037 111.60108594104321 -6.493099
16.16243594302489 111.6010850569308 -8.3595915
16.16244882981076 111.60108407461375 -6.44389
16.16245524227925 111.60108344231952 -6.496794
16.162480886154306 111.60108094049835 -6.500539
16.162506529132006 111.60107848283829 -6.162686
16.162506564641294 111.60107864529722 -4.995915
16.162512951725336 111.60107793098464 -5.6251745
16.162538563108484 111.60107539566866 -5.815001
16.16254492764945 111.60107459518649 -7.055614
16.16254495948602 111.60107474084228 -6.0095196
16.162551364221063 111.60107412768168 -5.903288
16.162557757252255 111.60107346887166 -6.1240726
16.162557823867772 111.60107377364483 -3.9351997
16.162557761804628 111.60107348969925 -5.974489
16.16260896440935 111.60106857554028 -5.121918
16.162615349825117 111.60106790880745 -5.3853383
16.162615416615825 111.60106821917604 -3.156996
16.162621626537273 111.6010667434755 -9.227464
16.162640936897603 111.60106549382468 -4.615803
16.162660095642305 111.60106356872235 -4.83964
16.163381111198344 111.6009904251108 0.64419824
16.163393729551355 111.60098912386373 0.60833347
16.16339373072872 111.60098912924671 0.64699507
16.163406370895505 111.60098791693585 1.2448499
16.163406348163935 111.60098780821487 0.46472317
16.163412658265848 111.60098715390626 0.41559947
16.163412676280913 111.60098724106274 1.0408465
16.16341897480096 111.600986532061 0.5974058
16.163418987038007 111.60098658800797 0.9992269
16.16342530544922 111.60098596815968 1.1945785
16.16342529432495 111.60098591730058 0.82929915
16.163425275094774 111.60098582458977 0.16416001
16.16343159904785 111.60098523264514 0.55771476
16.163431615451145 111.600985307639 1.0963342
16.163431599962117 111.60098523203281 0.5540433
16.16343790944791 111.60098456766542 0.42653543
16.163444230266006 111.60098395797404 0.6894039
16.163450538064907 111.60098327720597 0.4416271
16.16346317439755 111.60098201874774 0.679295
16.16346317072772 111.60098199717822 0.525105
16.163482107571642 111.60098000568418 0.124510825
16.1634821252691 111.6009800913827 0.7392877
16.16348842209424 111.6009793608805 0.12211953
16.16350739160836 111.60097749641594 0.61216336
16.16352635047934 111.60097555201051 0.51313704
16.163526344639322 111.60097552531315 0.3213912
16.16352635032187 111.60097555129065 0.5079668
16.163532673140303 111.60097491912936 0.58498836
16.16393252873335 111.60093506872414 0.8624556
16.163938906288454 111.6009344487732 0.8794864
16.1639389087748 111.60093446013634 0.9611008
16.16395167160357 111.60093324211995 1.1446475
16.16395167235957 111.60093324557505 1.1694633
16.163958046752548 111.60093259331475 0.9473927
16.163958043733942 111.60093257951912 0.84830695
16.163958035320384 111.60093254106752 0.57213193
16.16396443486123 111.60093200367265 1.1718348
16.163970814517278 111.60093137497158 1.1125972
16.163970810718713 111.60093135761147 0.9879098
16.163976650752417 111.60093045601775 0.7973974
16.163976655032407 111.60093047557734 0.93788207
16.163976664482874 111.60093051876606 1.2480803
16.16398307690585 111.60092988607973 1.038764
16.163983082973083 111.60092991380704 1.2379124
16.163995912166452 111.60092865440816 0.85429144
16.164002329967527 111.60092803244238 0.71413064
16.164002335014825 111.60092805550867 0.8798024
16.16401518699226 111.6009268726859 1.0307283
16.164015182508983 111.6009268521972 0.8835697
16.16401518361251 111.60092685724038 0.91979194
16.164015186419253 111.60092687006725 1.0119201
16.164034460302613 111.60092504315236 0.8411753
16.16404089085109 111.60092445224713 0.9091264
16.164040891607236 111.60092445570274 0.9339462
16.164047323415865 111.60092386609578 1.0088199
16.164047320918034 111.60092385468053 0.92683035
16.164047321265734 111.6009238562695 0.9382432
16.164047320920332 111.600923854691 0.9269058
16.164053753833905 111.60092326569449 1.0037894
16.164060186356547 111.6009226704941 1.0337671
16.164066625629456 111.60092210621806 1.2828983
16.16406660187933 111.60092199288772 0.46963167
16.164073050293897 111.60092146633836 0.98735774
16.164073051659454 111.6009214725791 1.0321816
16.16407948740621 111.60092087899712 1.0669106
16.164079488004717 111.60092088173234 1.0865564
16.16408591790133 111.60092025261658 0.8644694
16.164085918871017 111.60092025704814 0.89629924
16.16409235905354 111.6009196751092 1.0102137
16.164092357501225 111.60091966801498 0.9592594
16.164098803295804 111.60091910744566 1.2244844
16.164105228710735 111.6009184539591 0.81954265
16.164105231880963 111.60091846844747 0.9236057
16.164111678704455 111.60091790409847 1.1574163
16.164118112789446 111.60091727732893 0.9407995
16.164118110966445 111.60091726899755 0.88095903
16.164131000981484 111.60091611173712 1.1318231
16.164143884766073 111.6009149005462 0.9886004
16.16415033091557 111.60091430828365 1.0098262
16.1641503271972 111.60091429128993 0.88776743
16.16416322237993 111.60091310753232 0.93014467
16.164344095827886 111.6008965383786 0.8818492
16.164357034308438 111.6008953480432 0.79098696
16.164357028980298 111.60089532368978 0.6160609
16.16435703562612 111.60089535406593 0.8342472
16.16435704807341 111.60089541095884 1.2428986
16.164363504546564 111.60089474837471 0.71249866
16.164376464040995 111.60089362700965 1.113027
16.164382930108403 111.60089299939392 0.8313089
16.164382926890696 111.60089298468648 0.72566766
16.164389401188156 111.60089239629727 0.7243137
16.16438940357419 111.60089240720339 0.80265075
16.1643958879736 111.60089185313925 1.0483772
16.164395881094716 111.60089182169703 0.82253194
16.164395875998867 111.6008917984048 0.6552269
16.164402352189818 111.6008912085029 0.6422069
16.16440883703589 111.6008906553827 0.8927196
16.164408836287773 111.60089065196318 0.8681575
16.16441531339551 111.60089006072928 0.84427124
16.16441531504312 111.60089006826031 0.89836586
16.1644152967048 111.60088997964665 0.26259017
16.16442178907801 111.60088946477512 0.78525037
16.16442827464618 111.60088890683905 0.9993711
16.16442827425014 111.60088890502878 0.9863681
16.164428276497386 111.6008889153008 1.0601511
16.164434749555834 111.60088829755223 0.8441097
16.164434757915814 111.60088833576535 1.1185912
16.16444123087803 111.6008877149829 0.88025516
16.164447711924844 111.60088712409673 0.85682094
16.16445419527143 111.60088654570588 0.9220742
16.164460668796778 111.600885924444 0.67835456
16.164460677936844 111.60088596622371 0.97845596
16.16446716015114 111.60088537773464 0.97039896
16.16446715982292 111.60088537623432 0.9596223
16.16447364191485 111.60088478478177 0.92993957
16.164480118300737 111.6008841648802 0.6956021
16.164480119900556 111.60088417219318 0.748131
16.164480127577782 111.60088420728665 1.0002065
16.164486607456425 111.60088360102345 0.863559
16.16448661028208 111.60088361393994 0.95633775
16.164493093326975 111.60088301986121 0.9069699
16.164493089108948 111.6008830005799 0.76847255
16.16449308667925 111.60088298947338 0.6886946
16.164499581930773 111.6008824489431 1.0237558
16.16451254744474 111.6008812467827 0.8236462
16.16451254269902 111.60088122508886 0.66781914
16.164519030981744 111.60088065069229 0.758558
16.164525526355153 111.60088009760337 1.0035274
16.16453850000082 111.60087891613851 0.95131093
16.164538492317323 111.6008788810147 0.6990151
16.16454499068913 111.60087834009293 1.0307078
16.164544980416757 111.60087829313422 0.6934009
16.16455146559894 111.60087768518972 0.5444407
16.164557962301206 111.60087714210275 0.8593548
16.1645644463183 111.60087652987036 0.67906046
16.16461635519869 111.60087174214961 0.03512199
16.16461636719901 111.60087179701083 0.42919782
16.16462287043912 111.60087126253782 0.80915755
16.164629370447127 111.6008707070415 1.0392559
16.164629353610795 111.60087062527889 0.45266867
16.164629355144022 111.60087063228835 0.5030187
16.164629356742566 111.60087064438842 0.5892091
16.16463584904826 111.60087004747193 0.52296174
16.164635846161055 111.6008700342724 0.42814738
16.164655329425266 111.60086828334109 0.5156588
16.164655334670464 111.6008683121132 0.7216079
16.164655329720997 111.60086828948522 0.5590668
16.164661824361346 111.60086770277837 0.5675594
16.164661822414978 111.60086768908778 0.46994358
16.164668324764246 111.60086714120447 0.75719523
16.164668323212993 111.6008671341124 0.7062514
16.164668326556168 111.6008671493969 0.8160431
16.164674815828146 111.60086653576217 0.63235307
16.164681310747074 111.60086594230059 0.59486836
16.164681303943365 111.60086590640236 0.33773
16.164687810912888 111.60086537624915 0.75434506
16.16469429976551 111.60086476166796 0.5654427
16.16469430651883 111.6008647925439 0.7872319
16.164694300401862 111.60086476457732 0.5863413
16.164700785661626 111.60086412352432 0.209274
16.16470079519186 111.60086417188884 0.5559616
16.164707291933873 111.60086358715643 0.5835184
16.164707299503515 111.60086362176497 0.8321205
16.164713790154156 111.60086300825483 0.65377486
16.1647137857948 111.60086298353124 0.47690538
16.16472028437221 111.60086240537524 0.5533617
16.16472028535271 111.6008624146506 0.61926275
16.164726777940622 111.60086180347119 0.4601027
16.164733282244153 111.600861254636 0.7482279
16.164739779387876 111.60086066750785 0.76294094
16.164739772160395 111.60086062967014 0.49186817
16.164752765313786 111.60085944809543 0.47162876
16.164752771948834 111.60085948322487 0.72324795
16.16492169799362 111.60084409264675 0.6893036
16.164921689134527 111.60084404734125 0.36457765
16.16492819073131 111.60084347590511 0.5306547
16.16492818923872 111.6008434690795 0.48162293
16.164928193086944 111.6008434914707 0.64174396
16.164928187079134 111.60084345920377 0.4106804
16.164934686564084 111.6008428785434 0.5121995
16.16493468143687 111.6008428550966 0.34376895
16.164947681239845 111.60084170383266 0.6235271
16.164954177028868 111.60084110780129 0.6198761
16.164954174730862 111.60084109249883 0.51067674
16.164960672632457 111.60084051150888 0.6161432
16.164967165486498 111.60083989847392 0.49468076
16.164967168482594 111.60083991696902 0.6268148
16.16497366232808 111.60083931392477 0.5782311
16.164973662289686 111.60083931374916 0.5769696
16.164973665988434 111.60083933066423 0.69848007
16.16498015685371 111.6008387098984 0.5251763
16.164986650721954 111.60083810839807 0.49141967
16.164986653340105 111.60083812516511 0.61114043
16.164993144604725 111.60083750774076 0.46561795
16.164993146375817 111.60083751584037 0.5238022
16.164999639900923 111.60083691436147 0.49401855
16.165006122798417 111.60083626513045 0.123143
16.165006132823557 111.60083631097858 0.4524976
16.165019117761485 111.60083511630941 0.46033114
16.165025609928875 111.60083451224932 0.41988337
16.165025613103765 111.6008345315631 0.55789983
16.16503210696881 111.60083393147283 0.54871523
16.165045091893802 111.60083273598977 0.5680423
16.165051584388237 111.60083213284878 0.54311067
16.165051582176922 111.60083212273534 0.47045922
16.16505158035999 111.60083211442554 0.41076458
16.16505807554343 111.60083152926111 0.5164451
16.16505807553325 111.60083152921453 0.5161105
16.16506456764196 111.60083093622335 0.56684256
16.165064560760626 111.60083089995726 0.30704564
16.165077545339667 111.60082970972695 0.3858503
16.165077549738687 111.6008297298464 0.53038186
16.165077548643357 111.60082972483676 0.49439427
16.165174863129565 111.60082066649166 0.4239488
16.165174869825638 111.6008207019139 0.67768764
16.16517486449883 111.60082067275471 0.468941
16.165174865590398 111.60082067774752 0.5048083
16.16518783075937 111.6008194512942 0.40092295
16.165187830329444 111.60081944932772 0.38679615
16.16519431026527 111.60081882676222 0.27137923
16.165194317681507 111.60081886547911 0.5487868
16.16520080079541 111.60081825454954 0.5201124
16.165200795308596 111.60081822945229 0.33981887
16.16520727690951 111.60081761832168 0.3114111
16.16521376075433 111.60081701941166 0.37324333
16.165213763613274 111.6008170324889 0.46718767
16.165220245785257 111.60081642791508 0.49079296
16.16522024424674 111.6008164208776 0.44023722
16.165220247305328 111.60081643486814 0.5407425
16.165226724716153 111.60081581053478 0.42487046
16.16522672525217 111.60081581298667 0.44248435
16.16523320289637 111.60081520078538 0.41494632
16.165233214770748 111.60081525989604 0.83886063
16.165233204430702 111.60081520780375 0.46536514
16.16523968571348 111.60081460503572 0.5094967
16.165246157041686 111.60081396362507 0.27776963
16.16524616118035 111.60081398255646 0.41376966
16.165252642131907 111.60081338279885 0.4844361
16.165259105676853 111.60081270558814 0.0012143105
16.165265592940624 111.60081213456861 0.28403878
16.16527227281425 111.60081175121292 0.3225628
16.165272279145213 111.60081178496817 0.5643301
16.16527873186771 111.60081110484313 0.17030911
16.16529166588399 111.60080989633786 0.4781013
16.165291668115817 111.60080991134218 0.5851643
16.165291664436623 111.60080988971693 0.4305374
16.16529812584256 111.6008092611055 0.41367006
16.16529812980164 111.6008092840112 0.5774958
16.165491690438998 111.6007903236317 0.4645937
16.165491684257525 111.6007902953516 0.2614297
16.16549813480309 111.60078969805078 0.5418041
16.165498134519634 111.60078969675395 0.5324878
16.16550457167709 111.60078904103582 0.39523354
16.1655045657552 111.60078901394316 0.20059992
16.165511011766704 111.60078840606204 0.40834466
16.165517433237785 111.60078768427748 -0.199511
16.165517452090583 111.60078777052956 0.42012388
16.165517447709504 111.600787750486 0.27613103
16.16552386027054 111.60078699080334 -0.60200495
16.165523887122486 111.6007871136521 0.2805407
16.16552389196961 111.60078713582786 0.4398512
16.165536766275 111.6007858501181 0.36801815
16.16553676131109 111.60078582740788 0.20486777
16.165543202838133 111.60078520442283 0.31526646
16.165549636395426 111.60078455684868 0.24954663
16.165556069402356 111.60078390518927 0.15703766
16.165562513401422 111.60078330674558 0.4486853
16.16556251210904 111.60078330083279 0.4062076
16.165562514199642 111.60078331039755 0.474921
16.16556895018451 111.60078267822254 0.5260758
16.165568936422634 111.60078261526029 0.07375386
16.16560109215066 111.6007793876973 -0.12274635
16.16560110392586 111.60077944157088 0.26428282
16.165607527407833 111.60077877445605 0.074287504
16.1656075279672 111.60077877701525 0.092672914
16.165620383014666 111.60077747979122 -0.015077248
16.165626813552205 111.60077684499488 0.03345228
16.165639673373274 111.60077558766429 0.22204776
16.165761630703642 111.60076330473849 -0.13239996
16.16576803812803 111.60076263606686 -0.2977385
16.165774460005743 111.60076203662427 0.035371102
16.16578086636045 111.60076136894423 -0.1205987
16.16578086965967 111.60076138403934 -0.012154289
16.16578087064444 111.60076138854502 0.020214818
16.165787279428628 111.60076073539899 -0.030353665
16.165793693947837 111.60076011159606 0.13091086
16.165793684329017 111.6007600675865 -0.18525712
16.165793688290215 111.60076008571039 -0.05505365
16.165800092041057 111.60075941574225 -0.22443762
16.16580009437075 111.60075942640147 -0.1478611
16.16581291608132 111.60075816078947 0.050243765
16.165812902793718 111.60075809999384 -0.386517
16.16581290893034 111.60075812807113 -0.18480739
16.165819313224123 111.60075746990061 -0.2665631
16.16581932036181 111.60075750255817 -0.03194861
16.16582572002948 111.60075682632572 -0.24255285
16.165825725410336 111.60075685094509 -0.06568524
16.165832122894372 111.60075616782545 -0.32488245
16.165838532021134 111.60075554107851 -0.17823146
16.165838515470327 111.60075546535244 -0.72225416
16.165838529308132 111.60075552866553 -0.26740742
16.165844942020858 111.60075492142778 0.020236313
16.1658449416202 111.60075491959462 0.007066764
16.165851338753015 111.60075424417374 -0.19430958
16.165851344908482 111.60075427233727 0.00801973
16.16585133577286 111.6007542305384 -0.29226696
16.165851354612744 111.6007543167379 0.32699794
16.165857745467594 111.60075361569244 -0.05767841
16.16585774396164 111.60075360880212 -0.107178956
16.16586413551183 111.60075291403584 -0.44598055
16.165864144703523 111.60075295609131 -0.14385022
16.165870526330572 111.6007522234792 -0.7544919
16.165870549098887 111.6007523276528 -0.006099317
16.165889743126137 111.60075036876724 -0.11648339
16.165889748331928 111.60075039258567 0.054630503
16.165896144738184 111.6007497354927 -0.010059103
16.16590254139284 111.60074908261944 -0.043813556
16.165902535717102 111.60074905665081 -0.23037472
16.165908934161695 111.60074841504726 -0.18257004
16.165908932807994 111.60074840885358 -0.2270661
16.16590895077673 111.60074849106721 0.3635649
16.16591533236911 111.60074777543512 -0.11988655
16.165915325448083 111.60074774376888 -0.3473801
16.165915329481116 111.60074776222147 -0.21481472
16.165921725664045 111.60074711641953 -0.19605109
16.165921720497163 111.60074709277914 -0.36588603
16.16592172143759 111.60074709708194 -0.3349743
16.16592811734254 111.60074645307724 -0.3027749
16.165934514149175 111.6007458162631 -0.21841739
16.16593451967503 111.60074584154593 -0.036782905
16.165940912979828 111.60074519177033 -0.04506534
16.165940907392265 111.60074516620523 -0.22872782
16.165947302550805 111.60074452796738 -0.15366952
16.165953690639686 111.60074386043483 -0.288639
16.165953694726344 111.60074387913275 -0.15431114
16.165966475199646 111.60074257696937 -0.18731986
16.165966473590423 111.60074256960664 -0.24021444
16.165966474524055 111.60074257387832 -0.20952626
16.16597287193836 111.60074195813634 0.028716091
16.165979249000877 111.60074124785565 -0.41118997
16.165985649058143 111.60074065026163 -0.041927755
16.16599842157145 111.60073934228919 -0.11351869
16.165998422212205 111.60073934522086 -0.09245725
16.166004812625317 111.60073871253789 0.025509741
16.166011190908936 111.6007380273578 -0.23345336
16.166011192203808 111.60073803328227 -0.19089127
16.16601757655551 111.60073737885814 -0.22870824
16.166023978884407 111.60073680967066 0.34599403
16.166023960148298 111.60073672394705 -0.26985464
16.166023961699203 111.60073673104296 -0.21887685
16.166023960186678 111.6007367241227 -0.2685929
16.166030349257714 111.6007360972544 -0.108131394
16.16603035446922 111.60073612109863 0.0631686
16.166036733089122 111.60073544938383 -0.098431006
16.1663551264042 111.60070299828875 -0.36527482
16.166355122589074 111.60070298083546 -0.4906625
16.166355129136683 111.6007030107892 -0.27546948
16.1663614819039 111.60070235780323 -0.32501993
16.166367828736437 111.60070167998643 -0.5539108
16.166380545248042 111.60070043575685 -0.21426599
16.166380542166294 111.60070042165876 -0.31554928
16.166380545612377 111.60070043742354 -0.20229213
16.166386878429872 111.60069970234535 -0.8455142
16.16638689775992 111.6006997907742 -0.21022485
16.16638689072971 111.60069975861323 -0.44127527
16.166386892669117 111.6006997674854 -0.37753597
16.166393241320524 111.60069910709176 -0.48522854
16.166393248152726 111.60069913834683 -0.26068625
16.1663995934453 111.60069846481935 -0.46376982
16.166405940379708 111.60069780101657 -0.59803987
16.166405948326872 111.60069783737197 -0.33685586
16.166412298585524 111.600697195397 -0.31606868
16.166412300713677 111.6006972051325 -0.246127
16.166412292081997 111.60069716564588 -0.52980644
16.166418649647248 111.60069655484824 -0.28542802
16.166418643899938 111.60069652855657 -0.4743125
16.166431346262854 111.60069525059025 -0.39315853
16.166431340276052 111.60069522320323 -0.5899123
16.16643134424594 111.60069524136374 -0.45944354
16.166437688651925 111.60069457679091 -0.60474044
16.166437688393476 111.60069457560861 -0.6132342
16.16643769656646 111.60069461299634 -0.34463343
16.166437698450395 111.6006946216145 -0.28271893
16.166444050433114 111.60069399380518 -0.16504423
16.16645039174768 111.60069332370185 -0.35306796
16.166450389383783 111.60069331288815 -0.43075582
16.16645039250436 111.60069332716328 -0.32820034
16.16645673165936 111.60069264482384 -0.6046167
16.166456733868134 111.60069265492788 -0.5320273
16.16646308688908 111.60069203806484 -0.33923793
16.16646309702029 111.60069208440981 -0.00628601
16.166463077045126 111.60069199303389 -0.66274935
16.166463088376155 111.6006920448674 -0.29036674
16.166469434985213 111.6006914007006 -0.29493755
16.166475776774554 111.60069073649439 -0.44469437
16.16648212456443 111.60069009730451 -0.4152735
16.166488457118724 111.60068939923232 -0.8114992
16.16648846622419 111.6006894408844 -0.5122619
16.166494806740648 111.60068877676231 -0.66515535
16.16650115678569 111.60068815778698 -0.49491143
16.166507496619754 111.60068749438187 -0.6452162
16.166513839283564 111.60068684581029 -0.69025534
16.16652019195863 111.60068624490198 -0.39418504
16.166551997125527 111.60068286859004 -0.6087234
16.166558331499136 111.60068223327414 -0.63172144
16.166558336338664 111.6006822554112 -0.47268385
16.166564665554258 111.60068159824755 -0.65407854
16.16656466488918 111.60068159520536 -0.6759343
16.166571005183894 111.60068099043662 -0.4823479
16.166577317672076 111.60068026016336 -1.1918477
16.1665836663468 111.60067969707092 -0.70171374
16.166583667948366 111.60067970439673 -0.6490835
16.16658366559783 111.60067969364503 -0.72632605
16.166590000420413 111.60067906881869 -0.68113106
16.166590005232173 111.6006790908282 -0.5230097
16.166596339421552 111.60067846470359 -0.48856744
16.16659633917114 111.60067846355817 -0.4967964
16.16659633898433 111.60067846270368 -0.5029352
16.16660266407969 111.60067779655081 -0.7574885
16.166615326732778 111.60067652583491 -0.82837623
16.166621670706586 111.60067595055828 -0.434303
16.166621666549606 111.60067593154429 -0.5709042
16.166621662859406 111.60067591466533 -0.6921669
16.166627997600724 111.60067529860764 -0.5924848
16.166627992847236 111.60067527686535 -0.748687
16.166634314003687 111.6006746000894 -1.0866266
16.166634328571973 111.60067466672392 -0.6079074
16.166634324312216 111.60067464724006 -0.7478845
16.166646992052325 111.60067341412426 -0.5627249
16.166646988754326 111.60067339903956 -0.6710973
16.16665331214656 111.60067273656354 -0.9104994
16.16665332031278 111.60067277391475 -0.64215845
16.16665964664209 111.6006721261696 -0.7771208
16.166665982713507 111.60067152424979 -0.5842481
16.166672310285705 111.60067088909967 -0.6321652
16.16667863672579 111.6006702451984 -0.74357384
16.166678637384145 111.60067024820957 -0.7219409
16.166684963808677 111.60066960578295 -0.82421094
16.166684966607683 111.60066961858486 -0.73223835
16.16669129968449 111.60066900772827 -0.6090682
16.16669129426349 111.60066898293417 -0.7871961
16.166691297981895 111.60066899994106 -0.6650137
16.166691296399183 111.6006689927022 -0.7170198
16.166697622332755 111.60066835028799 -0.8219307
16.166697619857235 111.60066833896572 -0.9032731
16.166703957122355 111.60066774505466 -0.6604093
16.166703960177284 111.6006677590269 -0.5600286
16.16670395998347 111.60066775814046 -0.5663971
16.16671028356797 111.60066711152409 -0.70487857
16.16671028814055 111.60066713243745 -0.55463076
16.16671660226265 111.60066643915847 -1.0290253
16.166722946971042 111.60066588675997 -0.49263346
16.166722929302466 111.60066580595111 -1.0731888
16.166722941030436 111.60066585959005 -0.6878304
16.166729271506355 111.60066524305736 -0.6135327
16.166729271261197 111.60066524193613 -0.6215881
16.166729278007644 111.60066527279147 -0.39991382
16.166735600288312 111.60066461970604 -0.5895516
16.1667355993425 111.60066461538034 -0.6206288
16.166735597083175 111.60066460504726 -0.69486487
16.166741928068085 111.60066399266913 -0.5933723
16.166754583479392 111.60066274929848 -0.5294046
16.166754558988394 111.60066263728984 -1.3341105
16.166760894951466 111.60066205018761 -1.0549606
16.16676090832535 111.60066211135225 -0.615534
16.166767235361764 111.60066148860336 -0.5944488
16.166767240761384 111.60066151329806 -0.41703403
16.166773553338274 111.60066081635327 -0.9289489
16.166773547970617 111.60066079180493 -1.1053122
16.166773561492878 111.60066085364743 -0.6610152
16.16677356780348 111.60066088250824 -0.45366955
16.166773558945497 111.60066084199727 -0.74471384
16.16677988785051 111.60066022484499 -0.6853273
16.16677989060211 111.60066023742905 -0.59491915
16.166786210660387 111.60065958049913 -0.82258695
16.16679253912622 111.60065896267044 -0.77060944
16.166798862835357 111.60065832370756 -0.87173104
16.166805191210752 111.60065771107797 -0.7855907
16.166805188273177 111.6006576976437 -0.88210726
16.166811515015073 111.60065707369694 -0.8778541
16.166811517073164 111.60065708310906 -0.810234
16.16681152527939 111.60065712063798 -0.54061306
16.166817840867036 111.60065644620714 -0.9002975
16.166817847656315 111.60065647725587 -0.6772323
16.166824168307624 111.60065582647842 -0.86821735
16.16683682288617 111.60065458700093 -0.80787337
16.166836822532836 111.60065458538504 -0.81948245
16.166843148774262 111.60065396147473 -0.8211014
16.166843149718733 111.60065396579385 -0.79007125
16.16684314561411 111.60065394702303 -0.9249279
16.16684312965813 111.60065387405486 -1.4491585
16.166849477768913 111.60065335052747 -0.73079234
16.166849480987068 111.60065336524431 -0.6250608
16.1668494751112 111.60065333837359 -0.8181103
16.16686213099047 111.60065210744986 -0.7058498
16.166862125063805 111.60065208034715 -0.9005662
16.166868456693116 111.60065148238056 -0.7205598
16.166874772109544 111.60065081052211 -1.0725917
16.166881108275764 111.60065023377027 -0.7425019
16.166887432345238 111.60064960188862 -0.80964017
16.16688742478726 111.60064956732668 -1.057947
16.166887434758276 111.6006496129232 -0.73036313
16.167342503774655 111.60060150846603 -26.687515
16.16734885119875 111.60060091954006 -26.502022
16.167361593256604 111.60059995676703 -24.587477
16.16736779257161 111.60059868048953 -29.340637
16.167399621583783 111.60059611696256 -25.686718
16.167405953161662 111.60059543837085 -26.148018
16.16741220366837 111.60059438240424 -29.320152
16.167431346812343 111.60059301140288 -25.93045
16.167456731587475 111.60059050548375 -26.282207
16.167469520928933 111.60058969429008 -23.28665
16.167488577442207 111.60058786428043 -23.197813
16.167507476879422 111.6005852911456 -28.44806
16.16752736299994 111.60058724032932 -1.2115071
16.167527355595155 111.60058720648568 -1.4546697
16.167533714489117 111.60058660871697 -1.33743
16.167533715488283 111.60058661328365 -1.3046188
16.167533712629204 111.60058660021626 -1.3985066
16.16754007349877 111.6005860090904 -1.233521
16.167546425392942 111.60058537454007 -1.3805056
16.16754643140707 111.60058540202739 -1.183012
16.167546427302632 111.60058538326822 -1.3177947
16.167546426629446 111.60058538019148 -1.3399009
16.167545621522475 111.600581671741 -27.98027
16.167552785589645 111.60058477551753 -1.2721853
16.167552786722784 111.60058478069645 -1.2349752
16.1675591420438 111.60058415695568 -1.3041999
16.167558317895637 111.60058036150649 -28.56968
16.167565498975918 111.60058353812865 -1.3380549
16.167565499807008 111.60058354192708 -1.3107635
16.167565499350488 111.60058353984057 -1.3257549
16.167564670452364 111.60057972269604 -28.747131
16.167571859267127 111.60058293218907 -1.2792377
16.16757185960862 111.60058293374985 -1.2680237
16.167584571727993 111.60058167537092 -1.4841093
16.167590937438494 111.6005810867154 -1.3008072
16.167590940626003 111.60058110128341 -1.196137
16.167590937797467 111.60058108835604 -1.2890193
16.167597303005955 111.60058049488244 -1.1402116
16.16759730228857 111.60058049160375 -1.1637688
16.167603654836185 111.60057985099955 -1.3554293
16.167603655757524 111.60057985521034 -1.325175
16.167603653916057 111.60057984679428 -1.3856441
16.167602818090423 111.6005759980683 -29.034046
16.16761001636813 111.60057923563471 -1.3636281
16.16761001671236 111.60057923720797 -1.3523244
16.167609210521192 111.60057552393319 -28.027544
16.167622086509795 111.60057498921586 -23.043438
16.16763473351357 111.60057339281678 -25.685965
16.16764756373613 111.60057262329933 -22.3866
16.16770470198641 111.6005662916992 -28.138237
16.16771108790318 111.60056574526095 -27.647354
16.16774946116507 111.60056268169095 -23.15083
16.16776221731271 111.60056147505665 -22.980778
16.167832886168878 111.60055771788875 -1.7122716
16.167845678100715 111.60055649630145 -1.5816468
16.167845678955505 111.60055650020773 -1.5535797
16.16784567545953 111.60055648423175 -1.6683694
16.16785847283706 111.60055527147811 -1.4714398
16.167858463365274 111.60055522819384 -1.7824436
16.16785844698973 111.60055515336067 -2.3201308
16.16785847218278 111.60055526848816 -1.4929231
16.167864862308434 111.60055462531562 -1.6590153
16.167864866739567 111.60055464556505 -1.51352
16.16787125818282 111.60055400108494 -1.6877913
16.167877656032797 111.60055338300843 -1.6717937
16.167884049773317 111.60055274328577 -1.8107684
16.167884059504193 111.60055278775391 -1.4912574
16.16789045322978 111.60055214510385 -1.6507045
16.167890449931203 111.60055213003001 -1.7590126
16.167890457797117 111.60055216597563 -1.5007372
16.167896852868367 111.60055152662359 -1.6359231
16.167896852581997 111.60055152531494 -1.645326
16.1679032532612 111.6005509087466 -1.6162399
16.167903254499702 111.60055091440631 -1.5755738
16.167916056055812 111.60054967367539 -1.5702531
16.167922458390887 111.60054906064505 -1.5146908
16.167922448944037 111.60054901747496 -1.8248761
16.167922457106823 111.60054905477715 -1.5568528
16.16792885796518 111.6005484232851 -1.632033
16.167928855497674 111.60054841200913 -1.7130531
16.167935260616396 111.60054780163703 -1.6365659
16.167934504297893 111.60054431668459 -26.672184
16.167948070429638 111.60054657025293 -1.5581921
16.16795447402685 111.60054594458093 -1.5898777
16.16795447484382 111.60054594831432 -1.5630524
16.167960878312634 111.60054532374669 -1.5868769
16.167960878920233 111.60054532652332 -1.5669261
16.167967283572953 111.60054470015866 -1.602403
16.16796729127757 111.60054473536712 -1.3494223
16.16797368751966 111.6005440678245 -1.6801757
16.167973685706198 111.60054405953741 -1.7397205
16.167980096610236 111.60054345626382 -1.6080877
16.167980101564705 111.60054347890463 -1.4454082
16.16798650782213 111.60054284721853 -1.5166591
16.168005729858354 111.60054096867162 -1.6108081
16.16808267791538 111.60053348144959 -1.7369463
16.168082667569365 111.60053343417025 -2.0766625
16.16808909512179 111.60053286672017 -1.6778071
16.16810193214609 111.60053163272967 -1.5888579
16.168108346230156 111.60053099175497 -1.7157315
16.16810835144174 111.60053101557098 -1.5446059
16.1681147646779 111.60053036824374 -1.7164884
16.168114750589172 111.60053030386065 -2.1791012
16.168121176564245 111.6005297119709 -1.9519224
16.16812118438295 111.60052974770112 -1.6951894
16.168127605884354 111.60052913323132 -1.6297047
16.16812760238336 111.60052911723238 -1.7446624
16.168127597917042 111.60052909682199 -1.8913176
16.1681340265959 111.60052851271664 -1.6070145
16.168140446185564 111.60052788465408 -1.6379176
16.16814042326991 111.60052777993296 -2.3903737
16.168140443278784 111.60052787137053 -1.7333645
16.168146868975157 111.60052726880816 -1.5803981
16.168146863089024 111.60052724190942 -1.7736747
16.168153280140952 111.60052659745124 -1.921101
16.16815328134189 111.60052660293935 -1.8816669
16.168159713537037 111.60052602530651 -1.5482866
16.16815970604873 111.60052599108596 -1.7941728
16.168172555984906 111.60052476269547 -1.6509023
16.16817255881092 111.60052477561004 -1.5581067
16.16817897517082 111.60052411857097 -1.7933501
16.1681918268482 111.60052288866042 -1.657788
16.168198243774203 111.60052222730526 -1.9220998
16.168198241813073 111.60052221834309 -1.9864963
16.16820467899772 111.60052164729817 -1.601246
16.168204676071877 111.60052163392733 -1.6973205
16.16821109755067 111.60052098438504 -1.8747835
16.168217535249134 111.6005204111961 -1.5036373
16.16822395220173 111.60051974544793 -1.7975818
16.168236813629655 111.60051852418891 -1.5900784
16.16824323162195 111.60051785215451 -1.9265661
16.168249669441423 111.6005172685729 -1.6268319
16.168249658761592 111.60051721976652 -1.9775251
16.168262522659656 111.60051600148937 -1.7447093
16.168268955210845 111.60051538746421 -1.6617625
16.168268953862476 111.60051538130216 -1.7060392
16.16828181387985 111.60051412823644 -1.7185978
16.168288242405527 111.60051348512663 -1.8420023
16.168288247698403 111.60051350931512 -1.6681978
16.168288247918976 111.60051351032317 -1.6609546
16.16840407667457 111.6005022148208 -1.7676239
16.16840407953274 111.60050222788315 -1.6737645
16.168404058687408 111.600502132616 -2.358305
16.16841696016346 111.60050098540935 -1.5820853
16.16842339459204 111.60050033475221 -1.7466699
16.168423396435614 111.60050034317776 -1.6861281
16.168429835436815 111.60049971176637 -1.7117733
16.168436277490457 111.6004990926725 -1.6482625
16.168442718047253 111.60049846512402 -1.6448545
16.168455593962584 111.60049718598631 -1.8095158
16.168455596333214 111.60049719682077 -1.7316649
16.16845559657567 111.60049719792885 -1.7237027
16.168462038467382 111.60049657175689 -1.7084649
16.168462031169806 111.60049653840477 -1.948117
16.16846203752496 111.60049656744971 -1.7394141
16.168462038192793 111.60049657050192 -1.7174826
16.16846847570262 111.60049592276752 -1.8565372
16.168468479535616 111.6004959402855 -1.7306616
16.16846847890713 111.60049593741314 -1.7513009
16.168468480242595 111.60049594351662 -1.7074443
16.168481363249633 111.60049468898546 -1.6908109
16.1684813566378 111.60049465876715 -1.9079455
16.168487802412336 111.60049404401758 -1.8079752
16.16848780556317 111.60049405841796 -1.7045008
16.168500694813336 111.6004928146558 -1.605291
16.168507126738078 111.60049213707492 -1.9556332
16.168513575968333 111.6004915282249 -1.810122
16.168513579884127 111.60049154612163 -1.6815243
16.168520019695798 111.60049089732917 -1.8230574
16.168526464080532 111.60049026807957 -1.8235283
16.168532899821415 111.60048959798588 -2.1168518
16.168532915833136 111.6004896711665 -1.5910085
16.168539361626966 111.60048904570148 -1.5630163
16.168545798073723 111.60048838070162 -1.8191452
16.168552246581847 111.60048776506702 -1.7192515
16.168552249557564 111.60048777866749 -1.6215246
16.168552239994852 111.6004877349613 -1.9355781
16.16855868998826 111.60048712485778 -1.7953103
16.168565142586967 111.60048652542466 -1.5777402
16.16856514123731 111.60048651925607 -1.6220652
16.168571586366745 111.60048587998351 -1.6894617
16.168571591072762 111.60048590149246 -1.5349076
16.168578037051628 111.60048526938954 -1.5508341
16.168578031118216 111.60048524227066 -1.7456988
16.16857803367847 111.60048525397242 -1.661615
16.168590920228336 111.60048396602517 -1.8628641
16.168590924327482 111.60048398476056 -1.7282393
16.168603815268934 111.600482707858 -1.8469613
16.1686038193745 111.60048272662286 -1.7121248
16.168603819318708 111.60048272636784 -1.7139572
16.16868765064632 111.60047451502872 -1.7902279
16.1686876512372 111.60047451772952 -1.7708209
16.168694100553395 111.60047389180573 -1.7326676
16.168694093838557 111.60047386111351 -1.9532104
16.168700555293608 111.60047328089205 -1.5847071
16.16870054871314 111.60047325081395 -1.8008374
16.168707006125796 111.60047265132832 -1.5701632
16.168707007227095 111.60047265636214 -1.5339918
16.16871990469511 111.60047137577413 -1.657331
16.168739253556303 111.60046946165542 -1.7893158
16.168739254534184 111.60046946612523 -1.7571974
16.168739255253872 111.60046946941483 -1.7335594
16.16873925914656 111.60046948720797 -1.605704
16.168739251547734 111.60046945247441 -1.8552874
16.168739249003462 111.60046944084479 -1.9388539
16.16874570771273 111.60046884299415 -1.6928924
16.168752154524594 111.60046819011792 -1.8417426
16.168752175848976 111.60046828759045 -1.141338
16.16875216135979 111.60046822136121 -1.6172389
16.168758604277482 111.60046755006178 -1.8978907
16.16875860212821 111.60046754023757 -1.9684843
16.16876506260938 111.60046694861748 -1.6760076
16.16877795509643 111.60046563798038 -2.0054328
16.16877795970809 111.60046565906029 -1.8539594
16.168784407110838 111.60046500597409 -2.0014315
16.168784409530673 111.60046501703522 -1.9219496
16.168790868634204 111.60046441691289 -1.6882685
16.168790864973623 111.60046440018023 -1.808504
16.168797320598717 111.60046377916854 -1.72368
16.168810227835827 111.6004625308486 -1.5996078
16.16881667453735 111.60046187215654 -1.7845235
16.168816677992538 111.60046188795057 -1.6710325
16.168816677385628 111.6004618851763 -1.6909676
16.168816674237462 111.60046187078574 -1.7943738
16.168836018396355 111.60045991080806 -2.2300818
16.168836034195532 111.60045998302849 -1.7111274
16.168842488676937 111.60045935834438 -1.6494386
16.168842484147522 111.60045933763966 -1.7982167
16.168848942077613 111.60045872809117 -1.6271361
16.169500190237216 111.60039446586116 -1.9445956
16.16950663337079 111.60039385283943 -1.765714
16.16951306906333 111.60039320257907 -1.8532842
16.16951306784143 111.60039319699165 -1.8934354
16.169525942661412 111.60039192498462 -1.8636642
16.16953237902379 111.60039129061231 -1.8370515
16.169532373518194 111.6003912654365 -2.0179644
16.169538814560287 111.60039064928893 -1.8592478
16.16953881041337 111.600390630326 -1.995515
16.16954524792483 111.60038999934932 -1.9429029
16.169545250787632 111.6003900124403 -1.8488312
16.169545245994144 111.6003899905207 -2.0063453
16.169551686007157 111.60038937230777 -1.861556
16.169551678998236 111.60038934025738 -2.0918696
16.169558122122506 111.60038873760524 -1.8348048
16.169558120069972 111.60038872821939 -1.9022514
16.16955811826426 111.60038871996218 -1.9615874
16.16957098555257 111.60038744064998 -1.9792078
16.169577422799737 111.60038681517584 -1.8847786
16.16957742378219 111.60038681966843 -1.8524948
16.169577424245322 111.60038682178626 -1.8372762
16.1695838516455 111.60038615265138 -2.0561402
16.16958385056594 111.60038614771473 -2.091615
16.169583847471078 111.60038613356235 -2.1933138
16.169596719459022 111.60038488250508 -2.0036635
16.16959671664128 111.60038486961987 -2.0962567
16.1696095881074 111.6003836127891 -1.9449273
16.169622447753586 111.600382316497 -2.0767453
16.16962244952119 111.60038232458012 -2.0186598
16.170071830354605 111.60033747861787 -1.8247316
16.170078223995233 111.60033677988201 -2.2276661
16.170078227540852 111.6003367960973 -2.1111407
16.170084629396257 111.60033613209045 -2.2635489
16.170084640317896 111.60033618203876 -1.9046125
16.170091039335134 111.60033550667231 -2.138386
16.170091039248344 111.60033550627539 -2.1412382
16.17009744888167 111.60033488107803 -2.0142257
16.170097452082803 111.60033489571786 -1.9090215
16.170103855811522 111.60033424067198 -1.9955575
16.170103857689266 111.60033424925955 -1.9338459
16.170103869091594 111.60033430140628 -1.5591114
16.17011025289171 111.6003335609632 -2.2596877
16.170110258933708 111.60033358859533 -2.0611186
16.170123066602404 111.60033230091078 -2.073976
16.170123068653297 111.60033231029021 -2.006574
16.170129472779706 111.6003316679639 -2.001398
16.170135873006213 111.60033100940542 -2.1126304
16.17014868151024 111.60032973390678 -2.0353193
16.170148683831897 111.60032974452454 -1.9590183
16.170155076361063 111.60032905555559 -2.2880945
16.170155081544916 111.60032907926316 -2.1177278
16.17016148061943 111.6003284218194 -2.2200365
16.17016148332912 111.60032843421175 -2.130983
16.17016148732697 111.60032845249529 -1.9995944
16.170167880643607 111.60032777030638 -2.2795086
16.17018068614367 111.60032649696156 -2.1845222
16.170411034695785 111.60030333339378 -2.4602985
16.17041104280778 111.6003033704925 -2.1936984
16.170417418423998 111.60030271388791 -2.258351
16.170423772360557 111.60030195949118 -3.0257463
16.170423798393095 111.60030207854575 -2.170191
16.170436534252 111.60030071505885 -2.6628513
16.170442918645687 111.60030010390781 -2.4008687
16.170442924937905 111.60030013268386 -2.194077
16.170442924731155 111.60030013173832 -2.2008717
16.17045567676449 111.60029883664396 -2.200109
16.170455654822725 111.6002987362986 -2.921216
16.170455673464723 111.60029882155325 -2.3085544
16.170455671012224 111.60029881033735 -2.389155
16.170462048064064 111.60029816940175 -2.3413336
16.170462053637948 111.60029819489253 -2.1581504
16.170468426496615 111.6002975312322 -2.2729385
16.170468428629576 111.60029754098673 -2.2028399
16.1704748049119 111.60029690340822 -2.131725
16.17048755470553 111.60029561024771 -2.1177564
16.1704939276902 111.6002949566609 -2.1612806
16.170500303686303 111.60029431797967 -2.0978093
16.170500303328527 111.60029431634351 -2.1095672
16.17050667557379 111.60029366162392 -2.1614835
16.170506672300753 111.60029364665573 -2.269049
16.170513050006125 111.6002930180024 -2.133789
16.170519419145194 111.60029235125114 -2.2724652
16.170525791723986 111.60029170128877 -2.2906575
16.17052579867162 111.6002917330614 -2.062331
16.17064047536879 111.60028006156854 -2.2316725
16.170640476919594 111.60028006866033 -2.1807091
16.17064045778146 111.60027998114194 -2.8096414
16.17064048010691 111.60028008323589 -2.075965
16.170640473764568 111.60028005423244 -2.2843919
16.170640475351554 111.6002800614897 -2.2322392
16.170653211676186 111.60027876336345 -2.2679813
16.17065958209976 111.60027812580815 -2.2037818
16.170659571208354 111.60027807600228 -2.5617013
16.17066593936367 111.60027742427654 -2.599054
16.170665952427704 111.60027748401764 -2.1697369
16.170672324339392 111.60027685008917 -2.079616
16.17067230613263 111.60027676683089 -2.6779346
16.170678693754297 111.60027620534363 -2.0676632
16.170678683489008 111.6002761584013 -2.405005
16.170678691277757 111.60027619401863 -2.149048
16.170678687187525 111.60027617531432 -2.2834628
16.170685058420485 111.6002755394643 -2.208029
16.170691428789187 111.60027489578854 -2.1885962
16.170691424620042 111.60027487672347 -2.3256037
16.17069143181901 111.60027490964367 -2.0890293
16.17069142872063 111.60027489547507 -2.190849
16.170691424223826 111.60027487491163 -2.338624
16.170710535378948 111.60027296503836 -2.1339166
16.17071052162882 111.60027290216084 -2.5857735
16.17071053790754 111.60027297660125 -2.0508223
16.170723277071815 111.60027169551718 -1.97267
16.170723265556642 111.60027164286005 -2.3510802
16.170723273116337 111.6002716774294 -2.1026542
16.17072964348838 111.60027104118242 -2.0334868
16.17073600515326 111.60027036554936 -2.2478907
16.17082515590871 111.6002613413094 -2.1877668
16.170825158665746 111.60026135391645 -2.0971684
16.170831525635627 111.60026071085908 -2.0873008
16.170837892277206 111.60026006234546 -2.1167145
16.17083789401148 111.60026007027567 -2.0597255
16.170844251723715 111.60025938104907 -2.3824213
16.170844250554847 111.60025937570425 -2.4208307
16.170850611791153 111.6002587026919 -2.6277196
16.17085696339346 111.60025798570922 -3.1513186
16.170856991437113 111.60025811394198 -2.2297945
16.170863349756875 111.60025742773989 -2.5329273
16.170863356744494 111.60025745969148 -2.3033123
16.170863363225703 111.60025748932748 -2.090338
16.170869730573855 111.60025685332425 -2.0348465
16.170869717534014 111.6002567936984 -2.4633386
16.170876075906552 111.60025610781364 -2.765687
16.170876097154554 111.60025620497181 -2.0674748
16.170876096144987 111.60025620035546 -2.1006496
16.170876084649894 111.60025614779325 -2.4783797
16.17088882555114 111.60025489093154 -2.2602956
16.17088881264548 111.60025483191967 -2.6843753
16.17089518339777 111.60025419819046 -2.6135426
16.170895191838248 111.6002542367849 -2.3361895
16.170901559614038 111.60025359383947 -2.3330674
16.17090790782814 111.60025286139027 -2.9739506
16.170907929576995 111.60025296083737 -2.2592888
16.170907920696603 111.6002529202316 -2.5510962
16.170914297424826 111.60025231808916 -2.2563581
16.17091429784228 111.60025231999799 -2.2426407
16.170914297196834 111.60025231704667 -2.26385
16.17092066442359 111.60025167580152 -2.2516248
16.17092703519315 111.60025104621269 -2.1557717
16.170933395863823 111.60025037032163 -2.3934994
16.170933398437157 111.60025038208813 -2.3089411
16.17093340242855 111.60025040033872 -2.1777859
16.170933396721164 111.60025037424181 -2.3653276
16.170946140292042 111.60024912366083 -2.11606
16.170946140590246 111.60024912502435 -2.1062613
16.170946138806062 111.60024911686624 -2.1648884
16.17094613246783 111.60024908788498 -2.3731582
16.17094614164556 111.60024912984971 -2.0715845
16.170952498685573 111.60024843688194 -2.4345944
16.170952506467284 111.6002484724634 -2.178893
16.170952506496644 111.60024847259763 -2.1779284
16.170958878002477 111.60024784558235 -2.0678513
16.170965242218834 111.6002471850285 -2.1996756
16.170965238014336 111.60024716580378 -2.3378315
16.170977979985732 111.60024590591179 -2.1642363
16.170990716831042 111.6002446215559 -2.1700726
16.17099708552937 111.60024398021417 -2.1683614
16.17100345310421 111.60024333343162 -2.2066815
16.17100981391284 111.60024265503623 -2.4730499
16.17101618626913 111.60024203389666 -2.3296628
16.17137308732942 111.60020630183234 -2.806528
16.171373091849404 111.60020632249672 -2.658023
16.17137946941725 111.60020568029391 -2.7300622
16.17138584842409 111.60020504366942 -2.7632854
16.171385848994532 111.60020504627734 -2.7445436
16.171392225540302 111.60020439739412 -2.8671393
16.171392230562518 111.6002044203545 -2.7021341
16.171398627093183 111.60020386182339 -2.17669
16.171398611403298 111.6002037900931 -2.692182
16.171398607289877 111.60020377128758 -2.8273287
16.171398596861422 111.60020372361122 -3.1699564
16.171404996195005 111.60020317243286 -2.5922759
16.171411374227446 111.60020253172614 -2.6606295
16.171417754744542 111.60020189690478 -2.6872976
16.171424134339205 111.60020125682748 -2.7530255
16.17142412858485 111.60020123052013 -2.9420846
16.171424135125434 111.60020126042187 -2.7271943
16.171430520183677 111.60020064427776 -2.6222153
16.17143051698711 111.60020062966399 -2.727238
16.17144327841369 111.60019935449183 -2.8293457
16.171449666552984 111.60019874926635 -2.6497817
16.171456043069167 111.60019808983752 -2.861051
16.171462430977986 111.60019748142129 -2.7070146
16.171475195823533 111.60019621119636 -2.7865548
16.171487961354625 111.60019493976736 -2.8799636
16.17148796499741 111.60019495642094 -2.7602816
16.171494339077576 111.60019427936282 -3.1060643
16.17149434955383 111.60019432725653 -2.7618723
16.171500731716375 111.60019369049486 -2.8200417
16.17205798131199 111.60013991178971 -2.674853
16.172057983522482 111.60013992189515 -2.6022253
16.1720579637911 111.6001398316914 -3.2505183
16.17206440382614 111.60013931236533 -2.5992742
16.172070803561486 111.60013860888112 -3.272134
16.172070811083877 111.60013864327044 -3.0249782
16.172070824532106 111.60013870475035 -2.5831225
16.17207724082241 111.60013807704588 -2.7119017
16.172083655376845 111.6001374459888 -2.8659642
16.172083656367494 111.60013745051768 -2.833415
16.172090082874668 111.60013686977977 -2.625702
16.17210291870371 111.60013562993137 -2.7749507
16.172115754167677 111.60013438508425 -2.9615061
16.172115766588515 111.60013444186762 -2.553402
16.172115755255767 111.6001343900586 -2.9257553
16.17212218730524 111.60013384014636 -2.499561
16.172122170343716 111.60013376260457 -3.056857
16.172122184758216 111.60013382850231 -2.5832474
16.17212217587388 111.60013378788645 -2.8751552
16.17212860184761 111.60013320600308 -2.6785293
16.17212857742707 111.60013309436137 -3.4809034
16.17212860298258 111.60013321119175 -2.6412382
16.1721414453477 111.6001320045108 -2.55769
16.172154279323983 111.6001307608111 -2.7418144
16.172167126217488 111.60012958659372 -2.4293816
16.17217353777535 111.600128941285 -2.6913362
16.17290371073526 111.60005938304705 -3.1596265
16.17292924450776 111.60005693707164 -3.1040642
16.17293561894502 111.6000562950116 -3.308876
16.172935627430455 111.60005633380258 -3.0300562
16.17294200612344 111.60005570878619 -3.11097
16.172954994115138 111.60005457627399 -3.177421
16.17296134939384 111.60005391469218 -3.4676125
16.1729613598686 111.60005396257759 -3.1234226
16.17297408412254 111.6000527081922 -3.207147
16.172974087804175 111.60005272502268 -3.0861728
16.17297407530967 111.60005266790435 -3.4967275
16.172980445336606 111.60005207988367 -3.255898
16.172980450720935 111.60005210449796 -3.0789757
16.172986796085052 111.60005140575363 -3.6332612
16.17300589263623 111.60004959756007 -3.2212734
16.173005901290168 111.60004963712073 -2.936919
16.173005884315284 111.60004955952168 -3.4946861
16.173005888683868 111.60004957949225 -3.3511415
16.173005893489314 111.60004960145989 -3.1932423
16.173005877705688 111.60004952930656 -3.7118666
16.173012245984168 111.60004894326892 -3.4531474
16.173012255269093 111.60004898571393 -3.1480606
16.17303769125866 111.60004650453799 -3.0931606
16.173044044160733 111.60004585784493 -3.266998
16.173044039329543 111.60004583576001 -3.4257405
16.173050408808695 111.60004526673058 -3.0406861
16.173050398173757 111.60004521811517 -3.3901258
16.1730567606003 111.60004461871618 -3.222713
16.173056740800437 111.60004452341394 -3.9070034
16.173063117776653 111.60004399717239 -3.2138324
16.17306311291783 111.60004397496145 -3.3734813
16.173069478960386 111.60004339578776 -3.0594192
16.17307583354133 111.6000427660454 -3.1082141
16.17309489915507 111.60004089616999 -3.1118584
16.173094889885817 111.6000408537986 -3.416418
16.173094901222385 111.60004090562003 -3.0439324
16.173094896306754 111.60004088314983 -3.2054453
16.173107603769495 111.60003963194116 -3.2381744
16.173120310972852 111.60003839089362 -3.1962655
16.173133012405675 111.60003712584472 -3.3240144
16.173139365330364 111.60003650150283 -3.3276074
16.173139370262085 111.60003652404598 -3.1655695
16.17315207284606 111.600035274207 -3.1808448
16.173158415240746 111.60003461546887 -3.431481
16.17316476086307 111.60003396866428 -3.5951812
16.173171134141537 111.60003344985658 -2.8383698
16.173171109455858 111.60003333701928 -3.6494348
16.173171119821845 111.60003338440184 -3.3088531
16.173183818037856 111.60003213012546 -3.3510766
16.173190136500942 111.60003136060898 -4.39423
16.17319652001973 111.60003089954965 -3.2212276
16.173196510164935 111.60003085450448 -3.5450094
16.173202854157985 111.60003020947943 -3.6931815
16.17320282012459 111.60003004912609 -4.8450637
16.173209215196426 111.60002964384194 -3.2702992
16.173209206289886 111.60002960313149 -3.5629234
16.173215553676613 111.6000289765514 -3.577681
16.173221890272956 111.60002829729868 -3.9699183
16.173228258475056 111.60002777351279 -3.2457302
16.173240939210235 111.60002646609591 -3.6625185
16.173247271792842 111.60002577407103 -4.1450562
16.17326630611791 111.60002390080304 -4.1370234
16.17326631943236 111.60002396644995 -3.665882
16.173278994543406 111.60002264446734 -4.1825485
16.17329170106871 111.60002148065449 -3.562545
16.173291697299636 111.60002146342762 -3.6863716
16.173310722130115 111.60001955978976 -3.888314
16.17331707427243 111.60001897571475 -3.5923297
16.173317065727048 111.60001893186725 -3.9067788
16.17331707045498 111.60001895826711 -3.7177434
16.17332341360849 111.60001833424246 -3.7086775
16.173329761360716 111.60001773235004 -3.5402958
16.173336092365414 111.60001705021705 -3.9477377
16.173336097573614 111.60001707881152 -3.742927
16.173342429850546 111.60001640356755 -4.100642
16.173342452603823 111.60001651235035 -3.3194358
16.173348754998372 111.60001570158568 -4.6510777
16.17335511896341 111.60001517767105 -3.9212835
16.17336779221092 111.60001388369413 -4.2306647
16.173367800436264 111.60001392128675 -3.9604475
16.17336778670208 111.60001385851686 -4.4116397
16.173380488459784 111.60001270793347 -3.691067
16.17338680220797 111.60001195495987 -4.606328
16.17339313130881 111.60001127785463 -4.976844
16.17339946902783 111.6000106410273 -5.057722
16.173405816112805 111.60001004787406 -4.8245616
16.173405820239594 111.6000100667343 -4.688993
16.173405853062235 111.6000102215311 -3.5770319
16.17341849136853 111.60000877765128 -4.961152
16.173456544626593 111.60000511131769 -4.331894
16.173456528173656 111.60000503612726 -4.8723693
16.173462869511578 111.60000443241236 -4.715947
16.173633912113697 111.59998728408337 -6.5811105
16.173640214529893 111.59998650844491 -7.6632023
16.1736655955881 111.5999841717597 -6.4862847
16.17367827586953 111.59998296530571 -6.174794
16.17368459813484 111.5999822758943 -6.63834
16.17368459221619 111.59998224885075 -6.832735
16.173690946649216 111.59998170632468 -6.2407475
16.173697288072 111.59998110864187 -6.046225
16.173703610093334 111.59998041776505 -6.5212593
16.17370361706286 111.59998044960977 -6.292352
16.173716297201263 111.59997922749336 -6.095162
16.173716286565725 111.59997917889861 -6.444473
16.17372259538332 111.59997842714941 -7.3580985
16.17372262192254 111.59997854840896 -6.486456
16.17372262326365 111.5999785545366 -6.442409
16.17373530006189 111.59997732507085 -6.301596
16.173741631245104 111.59997667477482 -6.487047
16.17374797905659 111.59997610016497 -6.128827
16.17375430918496 111.59997544445166 -6.3539863
16.173760628988862 111.59997474123605 -6.920999
16.17376699711923 111.59997425846869 -5.9037743
16.1737669770721 111.59997416687516 -6.562173
16.173773324351853 111.59997358846962 -6.232829
16.17379234491481 111.5999717535941 -5.9636974
16.173798667463767 111.59997106049502 -6.4605093
16.173798682369203 111.59997112859489 -5.970988
16.173824038055425 111.59996865042345 -5.847765
16.173824043706528 111.59996867624167 -5.6621757
16.173830368475933 111.59996799509952 -6.075991
16.17383672461323 111.59996745227785 -5.495324
16.173843026512813 111.59996666106106 -6.7006817
16.173843027174996 111.59996666408635 -6.678935
16.173849383971003 111.59996611864118 -6.11743
16.173849398861854 111.59996618667174 -5.6284046
16.173862074830083 111.59996493075882 -5.6944537
16.17386842362591 111.59996435558966 -5.34945
16.173881095191806 111.59996307540369 -5.5930386
16.17415397276478 111.59993661476314 -3.756931
16.174153974920277 111.59993662460863 -3.6861563
16.174153967066182 111.5999365839463 -3.977732
16.174173019768745 111.59993471379093 -4.066377
16.17417937457044 111.59993410511436 -3.9915354
16.174179370258877 111.59993408542108 -4.133101
16.17418572304705 111.5999334703841 -4.1053157
16.1741857251129 111.59993347981994 -4.037486
16.174185725597443 111.59993348203311 -4.0215764
16.174198431523426 111.59993223992514 -4.053206
16.17419843560552 111.59993226335779 -3.8854861
16.174198406603157 111.59993212610193 -4.871431
16.17421113992399 111.59993099820552 -4.0840755
16.17421746163957 111.59993040200777 -2.9621341
16.174223817801785 111.59992977769319 -3.0659292
16.17423014538315 111.59992901636302 -4.154653
16.174236505789114 111.59992840804415 -4.14487
16.174236508451198 111.5999284202029 -4.0574656
16.17423651022696 111.5999284283135 -3.9991622
16.174242861515975 111.59992777664257 -4.301701
16.174242878999397 111.59992786128328 -3.6939816
16.174249227481834 111.59992719028311 -4.135413
16.174249208222886 111.5999271023208 -4.767738
16.174268313245374 111.59992536499108 -4.116323
16.174300121321675 111.59992228092358 -4.3980813
16.174312872342444 111.59992117075912 -3.6285524
16.174312857332808 111.59992109741981 -4.1550355
16.174408389942926 111.5999120233776 -3.809646
16.17441476494139 111.59991142988433 -3.7071252
16.174421147699302 111.59991086984745 -3.3643801
16.174421117641412 111.5999107277869 -4.3848896
16.17443389420356 111.59990965254835 -3.3779614
16.174433899597986 111.59990967718439 -3.200859
16.174453014664646 111.59990782549205 -3.4095824
16.174459371057935 111.59990712822646 -4.054013
16.174465758206146 111.59990657895973 -3.6361482
16.17447212621069 111.5999059306555 -3.9289546
16.17447214108642 111.59990600337817 -3.406894
16.174472138960137 111.59990599366769 -3.4767005
16.174472133870022 111.59990597042179 -3.6438103
16.17447850726188 111.59990534946523 -3.7408984
16.174491258981814 111.59990412394303 -3.8176384
16.17449766522484 111.59990364684843 -2.8808944
16.174497647134004 111.59990356423063 -3.4748182
16.17450401234963 111.59990289291764 -3.9336388
16.17451040516155 111.59990235513442 -3.434069
16.17452316546182 111.59990114810945 -3.3786764
16.17453591720391 111.59989989808513 -3.6331782
16.174535913352983 111.59989988049884 -3.7596035
16.174542308015642 111.59989934481055 -3.2457056
16.174542300162297 111.59989930894619 -3.503529
16.174542296423283 111.599899291871 -3.6262803
16.1745550522471 111.59989803867586 -3.9021692
16.174555061216516 111.59989808442383 -3.5740204
16.174561448768674 111.59989750108137 -3.401317
16.17456782692599 111.59989686828709 -3.5834086
16.174580591274214 111.59989564633024 -3.6356506
16.174580583372613 111.59989560545903 -3.9287422
16.174593366677943 111.59989446192522 -3.41688
16.174593367442828 111.5998944654182 -3.3917692
16.174606124700002 111.59989318961534 -3.8295255
16.174727527248262 111.59988159242566 -4.1803846
16.17472753545037 111.59988163466772 -3.8774323
16.174733926528432 111.5998810046446 -4.0329404
16.174733924153216 111.59988099379807 -4.1109166
16.174740291748375 111.59988025916147 -5.0187774
16.174740330428904 111.59988044058458 -3.715248
16.174759506887384 111.5998785642229 -4.0818505
16.17475950472654 111.59987855435536 -4.1527886
16.174759496499966 111.59987851678845 -4.422859
16.17476590776428 111.59987797736002 -3.926099
16.17477869684881 111.59987673041033 -4.1381536
16.174778702057964 111.59987675419804 -3.9671423
16.174785088555304 111.59987609074705 -4.35976
16.174791488445926 111.59987548629938 -4.3276463
16.174791492830504 111.59987550632164 -4.1837044
16.174804292764154 111.59987429132877 -4.1615024
16.174810694501407 111.59987368885206 -4.1134853
16.17481710164887 111.59987310893128 -3.9027076
16.174817091001966 111.59987306031216 -4.2522354
16.17481706856508 111.59987295785406 -4.9888167
16.174829867748866 111.5998717225667 -5.1077876
16.174829875694705 111.59987175885135 -4.8469334
16.174836300838805 111.59987125467633 -4.0897226
16.174849107160185 111.59987003913466 -4.062849
16.174855507410037 111.5998694148688 -4.1669846
16.17486830770307 111.59986815900382 -4.4258885
16.174868313030633 111.59986818333205 -4.2509894
16.17488110307051 111.59986687214982 -4.9047146
16.17488749578994 111.59986620287657 -5.3288374
16.17488753199729 111.5998663682168 -4.14018
16.174893925833793 111.599865706382 -4.5107284
16.174893928080046 111.59986571663944 -4.436986
16.17490034061474 111.59986513363116 -4.239421
16.1749067461157 111.59986451639907 -4.287121
16.174913136921777 111.5998638299631 -4.8315544
16.174919558351043 111.59986328127194 -4.3849173
16.17491957111755 111.59986333956988 -3.965802
16.174919544458927 111.59986321783387 -4.8409853
16.174919563087244 111.59986330289969 -4.229431
16.174925964191946 111.59986265930607 -4.4642563
16.174925973752313 111.59986270296326 -4.150396
16.174925972286886 111.59986269627143 -4.198505
16.17493877030065 111.59986138367259 -4.8483725
16.17493876057963 111.59986133928174 -5.1675076
16.174951607443017 111.5998602414513 -4.269991
16.174951593141984 111.59986017614591 -4.7394853
16.174951598890136 111.59986020239472 -4.550777
16.174958018152164 111.59985963133889 -4.2599006
16.174964425637636 111.5998590044464 -4.369571
16.174970831800014 111.59985836945863 -4.5365553
16.17502211599333 111.59985338431191 -5.1593146
16.175034959523916 111.59985222291527 -4.6955
16.17503496302387 111.5998522388978 -4.580597
16.175144074125335 111.59984174688246 -4.9233627
16.1751569278076 111.59984055929573 -4.6073112
16.175156925403268 111.59984054831615 -4.6862473
16.175156923020864 111.59984053743675 -4.7644634
16.175163348801842 111.59983993353498 -4.6769686
16.17518262204272 111.59983809326012 -4.613221
16.175189043582908 111.59983746315687 -4.709542
16.17521471240249 111.59983485945125 -5.68379
16.17521473913267 111.59983498151801 -4.8062005
16.175234020333328 111.59983313127813 -4.784941
16.175234015139118 111.59983310755801 -4.955476
16.17524044369651 111.59983249572697 -4.9108415
16.175246865205274 111.59983185003705 -5.108411
16.175246875675462 111.59983189785086 -4.764656
16.175266152775052 111.59983001276387 -4.976918
16.175266180642463 111.59983014002542 -4.0619764
16.17528544159143 111.59982816211996 -4.929724
16.175291869710904 111.59982753526658 -4.983186
16.175291863045796 111.59982750482898 -5.2020164
16.175291868905045 111.59982753158646 -5.009644
16.175298293504596 111.59982688708659 -5.1887183
16.17530472757042 111.59982628425743 -5.0669413
16.175304738630842 111.59982633476734 -4.703801
16.175304734199788 111.59982631453195 -4.849283
16.175311152897688 111.5998256399755 -5.2419243
16.175317591439555 111.59982505450797 -4.9927945
16.17532403550959 111.5998244927664 -4.5718164
16.175336876867068 111.59982315113201 -5.294436
16.17534974869941 111.5998219469033 -5.0246315
16.175356182581535 111.59982133123806 -4.984944
16.17536903253821 111.59982000981147 -5.548791
16.175381880712482 111.59981867907226 -6.175098
16.175381903996808 111.59981878540779 -5.4105945
16.175381909729026 111.59981881158585 -5.2223864
16.175381909926394 111.5998188124872 -5.215906
16.175401210681713 111.59981694064727 -5.2528934
16.175407618344536 111.59981619412983 -6.1436367
16.175407650780784 111.5998163422619 -5.0786333
16.175420513164408 111.59981506912175 -5.2766137
16.1754269464203 111.59981443555733 -5.351379
16.17542695446213 111.59981447228354 -5.087333
16.175446254220496 111.59981256840516 -5.3273926
16.175459121924423 111.59981129097632 -5.538601
16.175549128513776 111.59980238960468 -7.139955
16.1755491757959 111.59980260554543 -5.5874176
16.175555620818017 111.59980194560745 -5.753438
16.17555562543145 111.59980196667739 -5.6019526
16.175562081525577 111.59980135640939 -5.409666
16.175568525680106 111.59980069074378 -5.614489
16.17557497493567 111.59980005202061 -5.6251264
16.175581406222918 111.59979932145298 -6.2935843
16.175581386187794 111.5997992299496 -6.9514623
16.17558142960341 111.59979942823516 -5.525857
16.17558787618363 111.59979877121602 -5.665084
16.17559426968402 111.59979787101872 -7.551572
16.17559430928356 111.59979805187699 -6.251262
16.175600776278372 111.59979748661792 -5.7285686
16.17560078161283 111.59979751098145 -5.553403
16.17560716691931 111.59979657193995 -7.717009
16.175613633828473 111.59979600941392 -7.173227
16.175613668029648 111.59979616561854 -6.0501676
16.175620115027506 111.59979550703103 -6.1953177
16.175633035059267 111.59979431594519 -5.5774198
16.175639455593675 111.59979353475326 -6.6010675
16.175639481597056 111.59979365351839 -5.7471843
16.175645927973516 111.59979298983302 -5.925039
16.1756459395571 111.59979304273884 -5.544663
16.175652382596287 111.59979236331844 -5.8347077
16.175652382698186 111.59979236378385 -5.831362
16.1756652742001 111.59979102835123 -6.240411
16.17566529077414 111.59979110405087 -5.696154
16.17566528218955 111.59979106484194 -5.978054
16.175684624780494 111.59978908310076 -6.4311414
16.175691091434597 111.59978850918938 -5.957371
16.175697547503983 111.59978788664296 -5.8324666
16.175697527438565 111.59978779499532 -6.4913855
16.175716907315543 111.59978598339411 -5.7097483
16.175723347259677 111.59978528632115 -6.1176395
16.175749128578367 111.59978259523696 -7.043425
16.175762074436 111.59978150150707 -5.6920037
16.17576850707596 111.59978077064045 -6.3383183
16.175768509261353 111.59978078062251 -6.26655
16.175787872937857 111.59977888880083 -6.039641
16.175794320600556 111.59977822693057 -6.1877294
