lat lon elevation
16.837997818755333 112.35466825995549 1.8076243
16.837997816249764 112.35466827284286 1.8940179
16.837997814675973 112.35466828093764 1.9482832
16.837991444318394 112.35466769957497 2.3035955
16.837985103622838 112.35466696738314 1.6466508
16.837985096651273 112.35466700324106 1.8870333
16.837978734404835 112.3546663836081 1.9835308
16.837978722108428 112.35466645223266 2.4428973
16.837978738225477 112.35466636395691 1.8517941
16.837978747041902 112.3546663186102 1.5478011
16.837972375099174 112.35466575053833 1.9888408
16.837966029348475 112.35466504941498 1.5368394
16.837966022516778 112.35466508455312 1.7723968
16.83796601635899 112.3546651162251 1.9847181
16.83795965475897 112.35466450322946 2.1217868
16.837946936893193 112.354663239725 2.1431465
16.83794695383344 112.35466315259549 1.5590509
16.837946931746483 112.35466326619633 2.320604
16.837940581766674 112.3546625932433 2.0531957
16.83794058871568 112.35466255750231 1.8135966
16.837940573603824 112.35466263522747 2.334648
16.837934207948035 112.35466204982288 2.6524396
16.837934231398865 112.3546619238295 1.8084846
16.83792149959594 112.35466075966598 2.4856298
16.83791514420468 112.35466011519195 2.4057794
16.837915161812113 112.3546600246325 1.7986891
16.83790880250056 112.35465940714431 1.8980964
16.837902446080943 112.35465877620092 1.9063431
16.83789608891339 112.35465814553278 1.9161205
16.83789608516409 112.35465816481617 2.0453923
16.83788973839914 112.35465748697916 1.7373962
16.8378579615148 112.35465434385237 1.832826
16.837857956646104 112.35465436889245 2.0006897
16.837838877576615 112.35465257666431 2.6739166
16.837800776923224 112.35464869013636 1.9786574
16.837800783526735 112.3546486561752 1.7509875
16.837794418143087 112.35464809151786 2.1894639
16.837705500080148 112.35463926426543 2.079187
16.83769914697824 112.3546386528588 2.1946428
16.83769279914114 112.35463800996493 2.0991578
16.837667400679372 112.3546354749428 1.9583596
16.837661050887302 112.3546348493921 1.9763192
16.83766104337996 112.354634887998 2.2351294
16.837661038642945 112.35463491235772 2.3984346
16.837654711044635 112.35463416810241 1.6208428
16.83764836208264 112.35463353406526 1.5817618
16.837629303967493 112.35463170109834 1.9247354
16.837610248441653 112.35462984752006 2.1278095
16.837610268638585 112.35462974366253 1.4315568
16.837603907555874 112.35462917865011 1.8523244
16.83758485567311 112.35462730321737 1.9062423
16.837546760664424 112.35462352304354 1.8100748
16.837546749072175 112.35462358265116 2.2096815
16.837527717067736 112.3546216093499 1.6019828
16.83721651907087 112.35459041593438 -1.2450025
16.837210165699688 112.35458977072486 -1.3536035
16.837210163032086 112.35458978443874 -1.2616639
16.837197447228608 112.35458853633371 -1.1936951
16.837197452276342 112.3545885103839 -1.3676658
16.837191088775842 112.35458790797207 -1.1872058
16.83718472705618 112.3545872949246 -1.0775257
16.837178376533696 112.35458662281279 -1.3632895
16.837178374820546 112.3545866316198 -1.3042463
16.837172013690928 112.35458601251477 -1.234105
16.83717202548767 112.35458595187008 -1.6406753
16.8371656546582 112.35458538108664 -1.2460303
16.83715929740047 112.3545847389694 -1.3290591
16.83714657664755 112.35458348202593 -1.3104458
16.837146577536412 112.35458347745654 -1.3410797
16.837140219655765 112.3545828337267 -1.4331949
16.837140220168685 112.35458283108993 -1.4508722
16.83714021235831 112.35458287124077 -1.1816947
16.83713385642345 112.35458221586292 -1.3513086
16.83711477211958 112.35458032944427 -1.3227288
16.83710204800429 112.35457906096411 -1.3723065
16.83710204610422 112.35457907073163 -1.3068234
16.837089321376663 112.35457780372546 -1.3446712
16.83708931935761 112.35457781410454 -1.275088
16.837070235725786 112.35457588723727 -1.5042847
16.837070231595774 112.35457590846772 -1.361952
16.837063868144227 112.35457527235722 -1.3953799
16.83706387391546 112.35457524269016 -1.5942733
16.836885631302195 112.35455770237412 -1.5148131
16.836879244429827 112.35455706692834 -1.4406637
16.836872860137472 112.35455642088972 -1.4373478
16.83685370684063 112.35455447601181 -1.4685467
16.836853707160916 112.3545544743655 -1.4795841
16.83684732207759 112.35455382312091 -1.5079963
16.836840933530162 112.35455318736379 -1.4318187
16.836834553750467 112.35455250422254 -1.6725758
16.8368345531667 112.35455250722312 -1.652459
16.83683454696076 112.35455253912174 -1.4386014
16.836834555409723 112.35455249569398 -1.7297539
16.836828168407592 112.35455184237027 -1.7692312
16.83682816210572 112.35455187476195 -1.552068
16.83682177968518 112.35455120554968 -1.6986479
16.83682177930992 112.35455120747848 -1.6857165
16.836815392015048 112.35455055601584 -1.7119534
16.836815392496863 112.35455055353928 -1.7285569
16.836815386651793 112.35455058358295 -1.5271354
16.836802618241556 112.3545492419521 -1.8370701
16.836802611571052 112.3545492762384 -1.6072044
16.836802616878725 112.35454924895706 -1.7901068
16.836796227275045 112.35454860242126 -1.7813102
16.836789836404357 112.35454796008723 -1.7437067
16.836777054044042 112.35454667167558 -1.691748
16.836777059941088 112.35454664136493 -1.8949596
16.8367770544514 112.35454666958178 -1.7057854
16.836770665288267 112.35454602153335 -1.7059689
16.836770666270493 112.35454601648478 -1.7398161
16.836764273508088 112.35454537964301 -1.6636438
16.8366363603117 112.3545323616973 -1.9151232
16.836629963434046 112.35453169845046 -2.007529
16.836623561808175 112.35453105239608 -1.9837945
16.836610752734323 112.35452978359353 -1.779455
16.836610750963743 112.35452979269417 -1.7184412
16.83661077042665 112.35452968728143 -2.4244876
16.836604358149994 112.35452908436369 -2.1103158
16.836597951434097 112.3545284610491 -1.934052
16.83659795788215 112.35452842253153 -2.191611
16.836597952962133 112.35452845319514 -1.9867074
16.83659154983983 112.35452780885187 -1.9512532
16.836585147934986 112.3545271510728 -2.0050964
16.836585151319255 112.35452712830288 -2.1570783
16.836585151097157 112.35452712944439 -2.149425
16.836578745162182 112.35452649020915 -2.078829
16.836578745241678 112.35452648980056 -2.0815682
16.836578740938872 112.35452651729172 -1.8979337
16.83657234032641 112.35452584315998 -2.0605202
16.83657233644681 112.35452586847595 -1.8914688
16.83657233533516 112.35452587418975 -1.8531616
16.836565931105188 112.35452522186968 -1.8701069
16.836559533944932 112.3545245353317 -2.1169615
16.836559532116926 112.35452455010267 -2.0186074
16.836553128137304 112.354523886828 -2.1082008
16.836540314992632 112.35452260166059 -2.012532
16.836540315441713 112.35452259397718 -2.0633688
16.83653390955818 112.35452193947896 -2.0947363
16.83652751064025 112.35452124706488 -2.3803158
16.836514688027354 112.35451997827572 -2.1729567
16.836501871715473 112.35451867875186 -2.1731844
16.836501876817238 112.3545186525291 -2.348991
16.83634794704349 112.3545030656736 -2.3573449
16.83634153390529 112.35450239896146 -2.4788592
16.836335111158114 112.35450176978532 -2.3478801
16.836335122059364 112.35450171375209 -2.7235477
16.83633511144559 112.35450176830767 -2.3577867
16.83632227080244 112.35450047957605 -2.3009331
16.836322272187587 112.35450047245624 -2.348667
16.836315860495954 112.3544997810322 -2.6364784
16.836309431544134 112.35449917654243 -2.3419626
16.83630943313925 112.35449916834338 -2.3969321
16.83630301294198 112.35449851708134 -2.4165215
16.836296591540357 112.35449787024811 -2.4069579
16.836296596129493 112.35449784665943 -2.5651054
16.83628374778494 112.35449657623731 -2.39181
16.836283750380375 112.35449656289646 -2.4812524
16.83628374775382 112.3544965763973 -2.3907375
16.83627732642634 112.3544959239679 -2.4203897
16.83626449216501 112.35449457584828 -2.7721655
16.83625804887021 112.35449403122631 -2.0808473
16.836245210466014 112.35449268927763 -2.394342
16.83624521803418 112.35449265037589 -2.6551545
16.836238786440514 112.35449204060875 -2.4025197
16.836238789667988 112.35449202401894 -2.513744
16.836213093317962 112.35448941432294 -2.65394
16.83620667182669 112.35448874454232 -2.8071094
16.836200235018183 112.35448815157183 -2.4459808
16.8362002383545 112.35448813442234 -2.560958
16.836200236951175 112.3544881416358 -2.512596
16.83619381247921 112.35448748403086 -2.5855966
16.836180962412673 112.35448616994312 -2.7263293
16.83618096631645 112.35448614987659 -2.8608634
16.83617452828821 112.35448555733221 -2.4999487
16.836168101849236 112.35448490370091 -2.5493662
16.836161667038485 112.35448429160131 -2.3211303
16.836155251308956 112.35448357992966 -2.7612684
16.83614882037127 112.35448294495723 -2.6879964
16.83614881996316 112.35448294705505 -2.6739318
16.836142387955316 112.35448232114219 -2.541389
16.836135953470077 112.35448170149463 -2.3670292
16.83612953159217 112.35448101560551 -2.6376243
16.83612953330816 112.3544810067847 -2.6967626
16.836123111414125 112.354480329599 -2.911149
16.8361166781194 112.35447969956611 -2.808977
16.836110238641805 112.35447909992051 -2.5039487
16.836110247961038 112.35447905201596 -2.825121
16.836103811859882 112.35447843363269 -2.6466002
16.836097378985663 112.35447779729395 -2.5893524
16.836090952708563 112.35447712568909 -2.7694445
16.836078087036938 112.354475845901 -2.7071621
16.836071654990118 112.3544751999751 -2.7178483
16.83607166378334 112.35447515477388 -3.0208967
16.83594939128261 112.35446298313376 -2.7344508
16.835949387374594 112.3544630032237 -2.5997586
16.83594938386078 112.35446302128717 -2.4786525
16.835936507882074 112.35446174294073 -2.4508514
16.83592364689503 112.35446038353011 -2.9708614
16.835923644918502 112.35446039369097 -2.902738
16.835917203692095 112.35445977272629 -2.7711902
16.835917191823004 112.35445983374261 -2.3621078
16.835910765150796 112.35445913197583 -2.772749
16.835904319577267 112.35445853649169 -2.473199
16.835885003922964 112.3544566060808 -2.5425086
16.835878568664324 112.35445594389981 -2.6932817
16.83586568357344 112.35445469187285 -2.5132155
16.835865680215324 112.35445470913652 -2.3974714
16.835865682075653 112.35445469957278 -2.4615912
16.835859239054383 112.3544540747422 -2.365313
16.835852805351973 112.3544534011816 -2.5968723
16.83585279538425 112.35445345242485 -2.253312
16.835846352113272 112.35445282724766 -2.1616154
16.835839911233354 112.35445218863767 -2.1610446
16.8358399184018 112.35445215178507 -2.4081228
16.835833473091835 112.35445153551899 -2.2589502
16.835827031620486 112.35445089875533 -2.2483413
16.835814143950852 112.354449657704 -2.0141222
16.83580126465909 112.35444834989399 -2.2294357
16.835788378977732 112.35444708258125 -2.1791327
16.835775483387888 112.3544458739764 -1.7411267
16.83577549540037 112.35444580684279 -2.1905499
16.835769045228115 112.35444521398296 -1.8965737
16.835762610944723 112.35444452806863 -2.2262828
16.835756168511615 112.35444388882851 -2.2448895
16.835743274687342 112.35444266003698 -1.95309
16.835743275235934 112.35444265721658 -1.9719994
16.834841290344023 112.35435523098876 -5.078687
16.834828448094353 112.35435383415184 -6.048862
16.83482841010086 112.35435402956051 -4.7386317
16.8348155011013 112.35435298428253 -3.3442469
16.834809077723524 112.35435229777649 -3.74214
16.834802631467223 112.3543517297668 -3.3434584
16.83478980886082 112.35435023670637 -4.933879
16.834783392503017 112.35434951743865 -5.5431495
16.834776902771782 112.35434917640532 -3.6142004
16.83477689576234 112.35434921245701 -3.3724697
16.834770501791045 112.3543483797608 -4.7380357
16.834757607580592 112.35434726319859 -3.782647
16.834751176394345 112.35434662452722 -3.840741
16.834738312961694 112.35434536032288 -3.8628323
16.834738307384466 112.35434538900863 -3.6704907
16.83473188653416 112.35434469984997 -4.0604434
16.834725399478103 112.35434435211735 -2.1588356
16.834725449713602 112.35434409373646 -3.891314
16.834719022186114 112.354343435712 -4.0673523
16.83471258294932 112.35434284385317 -3.7980866
16.834712581811296 112.35434284970653 -3.7588391
16.834706161519744 112.35434216132734 -4.1344547
16.834699742232146 112.3543414737359 -4.503104
16.834686857575367 112.35434032833555 -3.6914062
16.834680432324017 112.35433966921808 -3.8614645
16.8346740376707 112.35433885367326 -5.0780177
16.83465470192953 112.35433719349896 -3.439957
16.834635383009257 112.35433545559684 -2.3012142
16.834629007172587 112.35433455010072 -4.103913
16.834609690680644 112.35433281668828 -2.9060342
16.8345904031843 112.35433094830064 -2.5912082
16.834282337783602 112.35429973936233 -3.9697695
16.83427587443344 112.35429932038132 -2.2631183
16.834269464574575 112.35429862751451 -2.3903136
16.834263047872163 112.35429797112828 -2.2702947
16.83425023763286 112.35429654807653 -2.7626743
16.8342438226351 112.35429588680556 -2.6677518
16.834237408808413 112.35429522082205 -2.601926
16.83423740614229 112.35429523453651 -2.5099673
16.83423102953989 112.35429437839228 -3.7167394
16.834224582965078 112.35429388351173 -2.498701
16.834218186123113 112.35429312877586 -3.019926
16.834186140022922 112.3542897256273 -3.1103196
16.83417973480233 112.3542890275398 -3.2384224
16.834179775598187 112.35428881768543 -4.6455436
16.83416691343637 112.35428770176773 -3.0172377
16.83416045876551 112.35428726762706 -1.369568
16.834154047856472 112.35428660942075 -1.2221605
16.834134876295984 112.35428430828922 -2.9539247
16.834109263714577 112.35428152727314 -3.3099513
16.83410282990933 112.35428099339 -2.3120492
16.833616960086317 112.35422917122992 1.3944534
16.833617014155323 112.35422889309861 -0.47041395
16.833610602320327 112.3542283711484 0.6622816
16.833604239729752 112.35422759754643 0.107137926
16.833597844615078 112.35422699290754 0.6843409
16.83359149009561 112.35422618110462 -0.12806511
16.833585080295727 112.35422565531768 0.9766504
16.833572338957595 112.35422420612132 0.5180864
16.83355953427264 112.35422308936441 2.2857223
16.833553187546617 112.35422224736011 1.2667164
16.833540427865678 112.3542209089382 1.5434574
16.83353404148431 112.35422028081015 1.9553419
16.833527692907094 112.35421945485814 1.0406396
16.833521319278454 112.35421876936967 1.065456
16.833514945147368 112.35421807810714 1.0520014
16.833508588787982 112.35421729704468 0.43548048
16.833508549156527 112.35421750090454 1.8023485
16.83348947978832 112.35421516849799 0.019023582
16.833476685567373 112.35421404004484 1.6843398
16.833463992597853 112.3542123971265 -0.10432794
16.83345758803302 112.35421187679347 1.0185947
16.833451218750525 112.35421117654832 0.9340048
16.83345119557908 112.354211295738 1.7331612
16.833451219977068 112.35421117023921 0.8917028
16.83343210438621 112.35420912371359 0.99314344
16.83341935555959 112.3542077850572 1.2276067
16.833419339638535 112.35420786695143 1.7766993
16.83340662581528 112.35420636438056 0.9052433
16.83334926745488 112.35420041249587 2.341064
16.83334930390541 112.35420021962788 1.0485841
16.833323833862288 112.3541974943931 1.1088421
16.83332384065972 112.35419745942971 0.87441754
16.833317459026865 112.35419685396415 1.3936872
16.833145667845148 112.35417841163344 0.6183088
16.833132934249765 112.35417712304817 1.0174308
16.833132914270745 112.3541772258049 1.7063949
16.833132967391172 112.35417695259423 -0.12542985
16.83312660313899 112.35417629712933 -0.0043550357
16.83307571334671 112.35417098385501 0.40806147
16.833050107078815 112.35416814567074 0.34737772
16.833043774365525 112.35416740789373 -0.18059361
16.833043746010347 112.3541675537272 0.79718715
16.83303106158451 112.35416617893084 0.4088798
16.833018375066292 112.35416481877444 0.10816846
16.833011986052732 112.3541643753984 1.5408883
16.833012030824733 112.35416414513625 -0.0029682592
16.833005697457132 112.35416341646247 -0.4857452
16.832999311129722 112.35416296102062 0.8607992
16.832999324437708 112.35416289257822 0.4019082
16.832992965338025 112.3541622979392 0.8125299
16.83298026004416 112.3541610446831 1.1969105
16.83294218710734 112.35415708579801 0.9513249
16.832929498112623 112.35415575945531 0.80368125
16.832929492082762 112.35415579046517 1.0115957
16.832916806932538 112.35415444648888 0.7352825
16.832827927327777 112.3541455246223 1.7680213
16.832827957621028 112.35414536884315 0.7235526
16.832815260381746 112.354144096236 0.84356093
16.832808906634927 112.35414348637352 1.0770698
16.832777173425885 112.35414025364753 0.9774306
16.83277083279663 112.35413957601013 0.74157643
16.832751774041824 112.35413773167821 1.2836593
16.832751801031286 112.35413759289543 0.35314527
16.832745399263626 112.35413722888472 2.2102969
16.832739105073824 112.35413631144421 0.35436633
16.832732745106433 112.35413573691476 0.79453415
16.832720068453433 112.35413434946939 0.07121783
16.832720078571032 112.35413429744474 -0.2775987
16.832707357757666 112.35413314058641 0.5349144
16.832688302626387 112.35413127293897 0.8478024
16.832669288311283 112.35412918603045 -0.32989967
16.832656554913576 112.35412809592036 0.891348
16.832643877540722 112.35412670533742 0.090063564
16.832637508608876 112.35412616952482 0.75465626
16.832637527751924 112.35412607109664 0.09470875
16.832637537976733 112.35412601852354 -0.2577866
16.832631168612302 112.35412547431712 0.34953347
16.832618502133933 112.35412402214209 -0.88281065
16.832612124168797 112.35412352487357 0.031871594
16.832593051424674 112.35412171832311 0.6517862
16.832567634069576 112.35411922450506 0.8781455
16.832561267234535 112.35411866293869 1.3443303
16.83256129152325 112.35411853805898 0.5070247
16.83253588021549 112.35411599354462 0.35097724
16.832529510119706 112.35411544354342 0.88424164
16.83251682868595 112.35411403809309 -0.10337946
16.83249137329745 112.3541116888185 0.99232507
16.832485031698237 112.35411098405744 0.47384223
16.832472311855682 112.35410976406712 0.70118546
16.83232605506627 112.35409516216234 -1.0399207
16.832319697797338 112.35409449823838 -1.3307531
16.83230060684185 112.35409259411209 -1.6249269
16.832294232795693 112.35409200918215 -1.3922765
16.8322942477817 112.3540919321436 -1.908823
16.832281518569257 112.35409065426784 -2.1715918
16.832281497615636 112.35409076735931 -1.4139835
16.83227513895905 112.35409009769883 -1.7539161
16.83227514049553 112.3540900898003 -1.8068762
16.832262425876777 112.35408872552128 -2.6577594
16.832256042810855 112.35408817557668 -2.1993046
16.832243305280503 112.35408692775624 -2.2790987
16.83224331255348 112.35408689036893 -2.5297835
16.832236968964565 112.35408614153012 -3.4103277
16.832236957364128 112.3540862011629 -3.0104854
16.832230576981217 112.35408562913463 -2.7055378
16.832217827713013 112.35408442069775 -2.5314863
16.8322114598954 112.35408377838314 -2.7018647
16.832198696033064 112.35408263804871 -2.079635
16.83219234442906 112.35408190080321 -2.8896742
16.832185948708585 112.35408139899137 -2.123695
16.83217959389498 112.35408067403787 -2.8537745
16.832166838029853 112.35407946618344 -2.6958907
16.83216683088109 112.35407950293106 -2.4494934
16.832166834755657 112.35407948301413 -2.5830388
16.83216046682004 112.35407882448186 -2.871994
16.832160460158992 112.35407885872233 -2.6424072
16.832147713217218 112.35407759704677 -2.852984
16.832147667676715 112.3540778365178 -1.2479731
16.83213489458045 112.35407669556993 -0.65291166
16.83212856827354 112.35407580177602 -2.5236359
16.832083878216594 112.35407165182835 -1.5328143
16.83207108066887 112.35407059156552 -0.4170578
16.832071099587097 112.3540704943212 -1.0691
16.832032787910997 112.35406684126674 -0.9097212
16.832013627692756 112.35406502068027 -0.80323327
16.832007250455728 112.35406435524328 -1.1614212
16.832007263266554 112.35406428939362 -1.6029592
16.832000857292545 112.35406376928371 -0.987434
16.831988097942602 112.35406245152058 -1.6195315
16.83198171571263 112.35406180216967 -1.8727165
16.8319625434847 112.35405997090854 -1.8531122
16.8317709452085 112.35404128694813 -4.5993614
16.83177095223952 112.35404125080969 -4.841685
16.831764520286487 112.35404067297573 -4.613561
16.831758101627926 112.35404002933733 -4.827392
16.831758098284816 112.35404004652054 -4.712171
16.831751664892764 112.3540394711373 -4.467793
16.831745237514088 112.35403886241015 -4.4470706
16.83174523459857 112.35403887739555 -4.346587
16.83173881405247 112.35403823113867 -4.5775757
16.831738816761295 112.35403821721557 -4.670936
16.831738812684986 112.35403823816739 -4.530445
16.831732383355185 112.35403763467191 -4.4747443
16.831725956111125 112.35403701809551 -4.506789
16.831725959773237 112.35403699927257 -4.6330056
16.831713097959188 112.35403579679529 -4.4914484
16.831713104767665 112.35403576180018 -4.726107
16.8315651356287 112.35402165009428 -4.973413
16.831552250832694 112.35402046214848 -4.7265477
16.831545815409818 112.35401983243122 -4.842659
16.831545814463837 112.35401983729375 -4.810053
16.831545825329858 112.35401978144031 -5.184583
16.83153938584814 112.3540191710236 -5.17096
16.831539386010522 112.35401917018892 -5.1765566
16.831539383299035 112.35401918412651 -5.083097
16.831532949848928 112.35401854619604 -5.2542562
16.83153294114162 112.35401859095346 -4.954131
16.831526507381174 112.35401794809052 -5.1574183
16.831526506174974 112.35401795429067 -5.1158423
16.831526511954277 112.35401792458372 -5.3150454
16.83152008372881 112.35401725179442 -5.71866
16.831520066149302 112.35401734215733 -5.1127214
16.83150718388295 112.35401612464109 -5.0600433
16.83149431363078 112.35401484014925 -5.455046
16.83149430857637 112.35401486613038 -5.2808266
16.83149431076097 112.35401485490091 -5.356127
16.830998143595355 112.35396705695925 -7.540323
16.830991698316534 112.35396645075848 -7.438016
16.83098525818654 112.35396581897498 -7.5062494
16.8309723730788 112.35396458274809 -7.456221
16.830965932252823 112.35396395735619 -7.4785132
16.830959494769512 112.35396331576338 -7.6084127
16.830953059489897 112.3539626638492 -7.806486
16.83095304887405 112.35396271843062 -7.440464
16.830940180097567 112.35396142363737 -7.77475
16.830927288763043 112.35396023405876 -7.3973866
16.830920852090287 112.35395959469838 -7.506007
16.830895099753928 112.35395707796685 -7.6567874
16.830882219332945 112.35395584878432 -7.5299983
16.83086289973606 112.35395400931881 -7.302747
16.830862904609454 112.35395398426137 -7.4707828
16.830483410640024 112.35391696918788 -6.6957436
16.83047702630862 112.353916286535 -7.005757
16.830477021868557 112.35391630936715 -6.852639
16.83046422829545 112.35391507904846 -6.5639687
16.83046421241364 112.35391516071735 -6.0162783
16.830457844961604 112.35391439236022 -6.896893
16.830451483442783 112.35391360598497 -7.8985023
16.830451448913074 112.35391378354635 -6.7077346
16.83043867440325 112.35391247178917 -6.955959
16.83042584575506 112.35391145169899 -5.244239
16.8304258841137 112.3539112544489 -6.567046
16.83042591336567 112.35391109865022 -7.6111946
16.830419485247333 112.35391066546954 -6.2385345
16.830406719460925 112.35390932387259 -6.6748524
16.830393926397758 112.35390814118648 -6.0423436
16.830387523968763 112.3539075803912 -5.5192194
16.830387560088905 112.35390738927595 -6.800212
16.830374763234783 112.35390623762773 -5.952894
16.830368358480932 112.35390569446943 -5.308181
16.830355648645206 112.35390410077106 -7.4180746
16.830349242496634 112.35390357566128 -6.649728
16.830349268503777 112.35390343655045 -7.581967
16.830336433275036 112.35390249923834 -5.2835307
16.83031096050297 112.35389962773736 -7.359055
16.830215300733997 112.35388980493181 -8.657397
16.83020253045604 112.35388859791846 -8.124621
16.830183418274242 112.35388657460086 -8.745344
16.830177035120933 112.35388596649855 -8.505479
16.830170653735617 112.35388535048686 -8.3177185
16.830170682003963 112.35388520513314 -9.292506
16.83016428476499 112.35388467179726 -8.549363
16.830157908119098 112.35388403370695 -8.507809
16.83015155294241 112.3538832863335 -9.198222
16.830145168527064 112.35388269038751 -8.872199
16.830138784530973 112.35388209334654 -8.552611
16.830126013245497 112.35388092426302 -7.743728
16.830126042251113 112.35388077512053 -8.743927
16.83011329180346 112.35387949288388 -8.689035
16.830113290938506 112.35387949733132 -8.65921
16.830113284359186 112.35387953116101 -8.432337
16.830106887833644 112.35387900348258 -7.6431274
16.830094190784276 112.35387746220073 -9.321519
16.830087795485834 112.35387693088136 -8.554131
16.83007505593434 112.3538756182321 -8.694746
16.830068680489283 112.3538749868792 -8.595615
16.83006868742021 112.35387495124215 -8.83461
16.830062315132032 112.35387430482204 -8.835752
16.830055941391755 112.35387366660972 -8.781021
16.83004319953694 112.35387236338417 -8.848842
16.830030443192644 112.35387113732699 -8.395912
16.830030448430232 112.35387111039701 -8.576513
16.83001770851004 112.35386980236134 -8.67018
16.83001134469378 112.35386911761806 -8.921894
16.830011348382673 112.35386909865107 -9.049093
16.830004969287216 112.35386849798806 -8.736807
16.829992228782384 112.35386719730006 -8.774999
16.829973104628543 112.3538653136191 -8.374313
16.829934890750245 112.35386139412623 -8.575478
16.829903035426973 112.35385818430379 -8.345051
16.829903018442074 112.35385827163033 -7.7594066
16.829890291596346 112.35385690975006 -8.1852865
16.829883924843664 112.35385624625273 -8.280307
16.82988390263154 112.35385636045386 -7.5144315
16.829883926674288 112.35385623684071 -8.343427
16.829877520281762 112.35385577719612 -7.0706954
16.829871192796215 112.35385491686259 -8.485152
16.829864802014452 112.35385437698248 -7.7492547
16.82985844946911 112.35385365044509 -8.265832
16.829845699466706 112.35385240820476 -7.880633
16.829839338837793 112.35385171306102 -8.183565
16.829832964798683 112.35385108674387 -8.024331
16.82982659917903 112.35385041699688 -8.155772
16.829826595366452 112.35385043659839 -8.024318
16.82981387162887 112.35384905801232 -8.547648
16.829775626679456 112.35384530044288 -7.568782
16.829769271248214 112.35384457597017 -8.062316
16.8297629157927 112.3538438512459 -8.557026
16.829762907184904 112.35384389549985 -8.2602415
16.829762911327713 112.35384387420106 -8.403079
16.829756538141417 112.35384323525717 -8.321358
16.82975014059763 112.35384272609264 -7.369439
16.82973742299911 112.3538413130024 -8.112212
16.829718314997617 112.3538393446509 -8.207278
16.82969920819173 112.35383736477377 -8.375501
16.82916980223987 112.35378349454531 -6.022774
16.82916338387747 112.35378288928055 -5.7039485
16.82914418022455 112.35378077928314 -6.7186503
16.829131351596217 112.35377950761716 -6.491419
16.82912491540526 112.3537789790114 -5.658524
16.82911208118068 112.3537777206545 -5.3420773
16.82909286325708 112.35377564906761 -6.1027246
16.829092858031075 112.35377567593099 -5.922566
16.829073615312996 112.35377371739472 -5.9263115
16.82906720352134 112.35377305384851 -6.000276
16.829054356833897 112.35377183089605 -5.44896
16.829022302279206 112.35376842786023 -6.3917103
16.82900946099035 112.35376715660671 -6.1667295
16.82899661119303 112.35376593353837 -5.620648
16.828958110487072 112.3537619514958 -6.0812297
16.828958093336198 112.35376203965913 -5.4899635
16.82895168913664 112.35376130684732 -6.0311356
16.82894528832099 112.35376055002315 -6.7328863
16.828938848885745 112.3537600012491 -6.040921
16.82891959817567 112.35375798917272 -6.417917
16.828919599951522 112.35375798004395 -6.479139
16.828829697802576 112.35374876890846 -7.065794
16.82882969486218 112.35374878402394 -6.9644217
16.828823280817772 112.35374808038799 -7.314759
16.82882326653281 112.35374815382168 -6.822275
16.828810414011937 112.35374687490349 -6.6636252
16.828803998873408 112.3537461736075 -6.999001
16.828797574760213 112.35374551832753 -7.0261226
16.828791180276546 112.35374470992754 -8.08042
16.828778314313293 112.35374349663945 -7.484999
16.82877829079852 112.35374362289762 -6.638923
16.828778289910982 112.35374362746023 -6.6083236
16.828759023052346 112.35374161659166 -6.995203
16.828752607777698 112.35374091064254 -7.3641133
16.828733323440357 112.35373898682694 -7.171314
16.828733309895018 112.35373906183635 -6.668937
16.828726885077938 112.3537383969929 -6.762666
16.82869479010272 112.35373494646653 -8.086917
16.828688328011626 112.35373447532801 -6.884041
16.82867546073138 112.35373323945728 -6.448223
16.828649749295373 112.35373064797196 -6.383969
16.828559775374156 112.35372144828455 -7.066439
16.828546912348656 112.35372017921804 -6.865977
16.828546896098647 112.35372026813675 -6.270315
16.828546888294788 112.3537203082569 -6.0012474
16.828534050734074 112.35371890262122 -6.71733
16.828527590254787 112.35371842218782 -5.585447
16.82852765974023 112.35371805957996 -8.016619
16.828514739482113 112.35371708971101 -5.81354
16.828514769215772 112.35371693147033 -6.8741136
16.82850834704337 112.3537162487319 -7.0993147
16.828508346201964 112.35371625305764 -7.070304
16.82850190008556 112.35371569883478 -6.4346156
16.82848906640509 112.35371427342527 -7.2879424
16.82848262359143 112.3537137020952 -6.767953
16.828469771083107 112.35371237445143 -6.96763
16.828469772106004 112.35371236919252 -7.002899
16.828463360240878 112.3537116341155 -7.581438
16.82845047807188 112.35371046491728 -6.721137
16.828450492508715 112.35371039069422 -7.218919
16.82843119900722 112.35370849016189 -6.9156494
16.82841834009924 112.35370720362269 -6.845636
16.828405490243817 112.35370587168072 -7.081452
16.8283797708942 112.35370331272036 -6.8533998
16.82837332599665 112.35370275670715 -6.236372
16.828354065345827 112.35370068895706 -7.0652633
16.828341190061625 112.3536995158798 -6.244893
16.827833894282062 112.35364841759497 -6.631902
16.827789121788342 112.353643797434 -7.4179068
16.827789098183118 112.35364392418951 -6.5684705
16.827789099220936 112.35364391885304 -6.604261
16.827763509177153 112.35364133968636 -6.6491733
16.827763505784915 112.35364135712922 -6.532189
16.827757104830923 112.35364073131674 -6.416305
16.82774431241195 112.35363942884847 -6.52526
16.827725110427533 112.35363756313401 -6.100995
16.827725123472174 112.35363749605864 -6.5508513
16.827718716475125 112.35363690705539 -6.1887875
16.827712324279325 112.3536362428575 -6.331133
16.82769953877283 112.3536349328767 -6.493887
16.82769314215619 112.35363429407487 -6.466181
16.827686745398772 112.35363365685969 -6.427915
16.827680353150324 112.35363299730977 -6.5395203
16.82768032733784 112.35363313003668 -5.649356
16.827680361340395 112.35363294981943 -6.85735
16.82763558078225 112.35362854509928 -6.2190127
16.827629198767536 112.35362783926236 -6.641516
16.827610015387606 112.35362591807207 -6.5925655
16.8275780315058 112.3536227893077 -6.020358
16.827533284705805 112.35361827698702 -6.1048594
16.82752049717097 112.35361700687935 -6.000565
16.827507723693902 112.35361566648854 -6.367504
16.82744381240493 112.35360923134223 -6.411432
16.827437426457408 112.35360856174402 -6.590171
16.8274245867006 112.3536075724186 -4.600862
16.827405461731495 112.35360540313013 -6.2129817
16.8273990608698 112.35360481191148 -5.865452
16.82739268096975 112.35360410815343 -6.271947
16.827367103667175 112.35360161682554 -5.7289143
16.827360736946744 112.35360085087667 -6.552474
16.827341568374564 112.35359890673672 -6.6502595
16.827322392647048 112.35359700035298 -6.4934993
16.827315976380945 112.35359649027816 -5.5999885
16.82730961732466 112.35359568609799 -6.6788325
16.827303227414674 112.35359504059724 -6.6932745
16.827284059767216 112.35359308810209 -6.842161
16.82725210124432 112.35358992672758 -6.468116
16.827226537635003 112.3535873634139 -6.39275
16.82721376334611 112.35358604234291 -6.618167
16.82720735570994 112.35358548692976 -6.0255127
16.827207364919108 112.35358543957953 -6.343084
16.82694532089487 112.35355894765678 -6.7744365
16.826932564339245 112.3535574986686 -7.833781
16.826932531014506 112.35355767538324 -6.6492443
16.826919784678886 112.35355617079738 -8.080157
16.82690698348781 112.3535549458858 -7.63404
16.826894194756324 112.3535536540961 -7.635154
16.82688777842137 112.35355311508043 -6.9177365
16.826868584423554 112.35355123615575 -6.5231338
16.826868614871444 112.35355107423335 -7.6084623
16.82686859779975 112.35355116200634 -7.0197744
16.82686221796968 112.35355043732352 -7.54692
16.826862199539317 112.35355053208193 -6.911381
16.826862206310096 112.35355049727043 -7.14486
16.826849421097187 112.35354917698072 -7.332432
16.826843022015577 112.3535485489602 -7.2102513
16.8268366362609 112.35354786162412 -7.4868484
16.82683021909654 112.3535473249898 -6.751062
16.826817434945625 112.35354599593227 -6.994608
16.82681104497855 112.3535453170307 -7.2119684
16.826785456115243 112.35354274216604 -7.133996
16.82677904076837 112.35354219492714 -6.467239
16.826759855539063 112.35354021923418 -6.702808
16.826727864039775 112.35353699159758 -6.6512055
16.826702271736767 112.35353438854682 -6.7440314
16.82670228510257 112.35353431445154 -7.240311
16.826683044500196 112.35353260121947 -5.7042007
16.826676698627054 112.35353167155259 -7.595394
16.826580717366475 112.35352199593001 -7.3370457
16.826567886542566 112.35352073696488 -7.065735
16.826561477607495 112.3535200778145 -7.129217
16.826561469093694 112.35352012158708 -6.835634
16.826542243140825 112.35351811931017 -7.188696
16.826535812862733 112.35351756667464 -6.536522
16.826516602068967 112.35351547051296 -7.5147996
16.82648453751787 112.35351220832132 -7.5882254
16.826471709351303 112.35351090977433 -7.573082
16.826465292763213 112.35351027218533 -7.4867125
16.826465291649914 112.35351027790928 -7.448322
16.826426807762044 112.35350636046734 -7.54132
16.826375464282506 112.35350127356382 -6.738065
16.826369061894862 112.35350054178615 -7.278213
16.826362638558525 112.3534999274637 -7.031681
16.826336993422206 112.35349722109818 -7.7145247
16.82557332552284 112.35341912825429 -11.427882
16.825573356771645 112.35341896756161 -12.505669
16.82551560219767 112.35341324798257 -11.625771
16.825515590822622 112.35341331185546 -11.198042
16.825515606462286 112.35341322605218 -11.772861
16.82548994543853 112.35341065792035 -11.565334
16.825483533795882 112.35340999931573 -11.625551
16.825477117394954 112.35340936599982 -11.516541
16.825470705375782 112.3534087109783 -11.553507
16.825464291742644 112.35340806509157 -11.529601
16.825457889013474 112.35340736397433 -11.876535
16.825438665891554 112.3534053425523 -12.3702755
16.825438652233213 112.35340541278988 -11.899181
16.82541940651183 112.353403515434 -11.564552
16.825412997451817 112.35340285297677 -11.655115
16.825393757321045 112.35340094264248 -11.413371
16.825393765936514 112.35340089833747 -11.710531
16.82538734523987 112.35340029936332 -11.377065
16.825380933896003 112.35339965286303 -11.362758
16.82538093081179 112.35339967410137 -11.220984
16.825374519062613 112.35339902596633 -11.217504
16.82534887161231 112.35339640431395 -11.547554
16.82534244634928 112.35339584562209 -10.936603
16.82534245303232 112.35339581125442 -11.167112
16.82533603755589 112.35339519782688 -10.923085
16.825329619280925 112.3533945997657 -10.576477
16.825316813218507 112.35339325981698 -10.850706
16.825316807837545 112.3533932874888 -10.665106
16.82528476189632 112.35339008826799 -10.34589
16.825265547882275 112.35338811113067 -10.547068
16.8252591328489 112.35338751241468 -10.211225
16.825246327466072 112.35338618110993 -10.437822
16.82523992353316 112.3533855233876 -10.49878
16.825239921352715 112.35338553460063 -10.423573
16.824760096823876 112.35333686415562 -12.539373
16.824740935193677 112.35333487774919 -12.98068
16.82472813393317 112.35333369638848 -12.320547
16.824709005502555 112.35333155381433 -13.821955
16.824676978366274 112.35332877508141 -11.030101
16.824632279047385 112.35332417604926 -11.906895
16.824632289381807 112.35332412290612 -12.263344
16.824613123236823 112.3533222154691 -12.225704
16.82459396015041 112.353320300036 -12.249305
16.824574806940785 112.35331834135839 -12.570553
16.824568401425914 112.35331779867116 -11.940131
16.824562015245885 112.353317157368 -11.972001
16.824549253019512 112.35331583003818 -12.33887
16.82454286164017 112.35331521785379 -12.177942
16.824523694048615 112.35331335227808 -11.894828
16.824523697078007 112.35331333670023 -11.999314
16.82448538519052 112.35330950591782 -12.12372
16.824472599307537 112.35330831278051 -11.609683
16.824466234863667 112.35330758087048 -12.26298
16.82445308772737 112.35330827094552 0.87494653
16.824447088510635 112.35330563688595 -12.53601
16.8244466932366 112.35330768557333 1.2033813
16.82444707891021 112.35330568625267 -12.204887
16.82442793003874 112.35330375609625 -12.391785
16.824421540114407 112.35330314481085 -12.239741
16.824402389604135 112.35330123549855 -12.297023
16.82440204764467 112.3533030100156 -0.39657846
16.82440241482368 112.35330110581747 -13.166849
16.824396002985985 112.35330061459985 -12.213258
16.824395972874953 112.35330077481049 -11.139331
16.824382845091034 112.35330136859154 1.3365589
16.824370471749454 112.35329805832356 -12.373509
16.82433215943299 112.35329431930327 -11.997086
16.82431940241338 112.35329301114187 -12.29294
16.824281097490147 112.35328925599549 -12.060376
16.824268997897704 112.35328454227182 -35.206577
16.824230005757308 112.3532843864269 -10.872005
16.824223644488473 112.35328364170981 -11.637932
16.8242117004977 112.35327812347738 -40.191578
16.82420449347395 112.35328176595063 -11.537218
16.824204175247957 112.35328341834214 -0.45577714
16.824205193562143 112.3532781393385 -35.85932
16.824166235522505 112.353277809205 -12.731907
16.824153465415236 112.35327657995036 -12.533601
16.824140705156378 112.35327530067715 -12.67326
16.82411482571117 112.3532746048421 -0.46746248
16.824083775062384 112.35326618612069 -35.20422
16.824069973525912 112.35327041629387 1.5046085
16.824057211438465 112.35326926388507 2.1120706
16.8240381563909 112.35326707448932 -0.070355676
16.82400729638545 112.35325877544341 -34.90396
16.82398172642571 112.35325668947847 -32.239292
16.823949013008583 112.35325797188945 -2.8282728
16.82394994178526 112.35325315901838 -35.10653
16.823936113629266 112.35325751598855 2.4368422
16.82393631112486 112.35325648983172 -4.444939
16.823904316969003 112.35325403017238 -0.1386877
16.82390533211198 112.35324876797111 -35.43037
16.82390523143188 112.35324929097773 -31.92291
16.82388621134803 112.35324688924806 -35.550262
16.823872441549554 112.35325093885226 -0.0719081
16.82387248517811 112.35325071454615 -1.5764911
16.823873500577513 112.35324545109214 -36.876667
16.823847048924847 112.35324788432065 -3.9180176
16.823822350946646 112.3532412280647 -31.921074
16.823815191127846 112.35324467646983 -4.6348352
16.823802293721872 112.35324417938884 0.35175997
16.823789510902785 112.35324308380136 1.3249044
16.823784292192048 112.35323645709674 -38.95797
16.823770461975858 112.35324078830264 -1.5884217
16.823662966218805 112.35322523129254 -35.14541
16.823655609092256 112.35322966405423 -1.249048
16.82363011595023 112.35322697126087 -2.6358383
16.823599246412236 112.35321842361202 -39.112476
16.82356082691406 112.3532152239896 -35.528667
16.823547099143433 112.35321891542601 -2.4173903
16.823463956450773 112.3532111973786 0.1851207
16.823420231347413 112.35320148710822 -35.60801
16.82341292145682 112.35320560213867 -3.8146005
16.82340644318841 112.35320540773745 -0.92364687
16.823400066368468 112.35320468431557 -1.5797361
16.82337444419565 112.35320237423105 -0.28138503
16.823369087110276 112.35319635489431 -36.452084
16.82336174785627 112.35320060349544 -3.7547624
16.82334260158821 112.35319846186391 -5.5071044
16.82320163669663 112.35318499785994 -3.0221002
16.822945307167217 112.3531576458099 -16.252401
16.822919567026098 112.35315524721116 -15.203849
16.822913131075367 112.35315464480898 -14.956741
16.822887404851297 112.3531521255572 -14.691446
16.822880978539203 112.35315146148774 -14.851518
16.822861680941685 112.35314955081735 -14.777008
16.82284881898152 112.35314824881603 -14.91015
16.82284884047086 112.35314813834071 -15.651241
16.82281051393672 112.35314454683532 -15.019442
16.822804051871213 112.35314392929106 -14.781155
16.822797596785033 112.35314327854219 -14.76497
16.82277177288858 112.35314064558207 -14.885408
16.822771761123317 112.35314070606745 -14.479658
16.82275240133216 112.35313867515319 -14.935454
16.822745945412702 112.35313800591194 -15.033011
16.822739475538047 112.35313741644455 -14.595619
16.82272655857914 112.35313609410757 -14.676924
16.82271362982727 112.35313482456355 -14.399858
16.822694257982874 112.35313279674406 -14.805201
16.82266839745494 112.3531302343559 -14.384693
16.822661935736516 112.35312957083913 -14.430946
16.822655443640645 112.35312906190204 -13.439396
16.822649022717126 112.35312818546815 -14.912282
16.82264902391702 112.35312817929892 -14.953667
16.822649011266453 112.35312824434135 -14.517346
16.822642545712863 112.35312759583896 -14.460409
16.822636086508652 112.35312690814523 -14.66494
16.822623157744175 112.35312559681377 -14.644012
16.82261022069424 112.35312431748784 -14.404866
16.822597296372795 112.35312296746515 -14.637283
16.82259729509439 112.35312297403827 -14.593189
16.822584351559293 112.35312171784851 -14.19364
16.822577886002207 112.35312105605439 -14.219041
16.822577885843312 112.35312105687142 -14.21356
16.822564974279196 112.35311962941103 -14.959498
16.822526154619833 112.35311576483717 -14.383494
16.82252616622024 112.35311570518833 -14.783633
16.82251971547612 112.35311496850763 -15.308448
16.822474416068765 112.35311046197806 -14.602036
16.822442068703754 112.35310718341239 -14.491423
16.822422661683472 112.35310520155885 -14.522043
16.82238464618956 112.35309709355914 -42.3799
16.82237818262767 112.35309639835532 -42.621647
16.822229415903873 112.35308116398018 -43.21101
16.822216459235328 112.35307996313276 -42.443478
16.82212596167933 112.35307061020173 -43.501034
16.822113066634937 112.35306912310872 -44.67845
16.822009576368778 112.35305916767932 -41.22912
16.82197729027014 112.35305586250374 -41.51469
16.821911997772812 112.35305313829596 -16.121363
16.82185391061133 112.35304740250264 -15.423225
16.821853858683927 112.35304766964826 -13.631134
16.82185475526605 112.35304301943367 -44.821274
16.821847479487857 112.3530466506195 -16.121002
16.821847481513625 112.35304664019772 -16.190916
16.82184099832058 112.35304616943087 -15.005842
16.82182809496032 112.35304489536908 -14.86926
16.82179585532802 112.3530416760525 -14.788179
16.82178296608095 112.35304037062225 -14.886061
16.82177007492629 112.35303908535762 -14.855487
16.82176362939143 112.35303844671236 -14.816086
16.821757192647908 112.35303776555607 -15.063613
16.82175074806692 112.353037127458 -15.02405
16.82174429283635 112.35303654690273 -14.600241
16.821744294742448 112.35303653709607 -14.666027
16.821737857918357 112.35303586460878 -14.860704
16.821712084085647 112.3530333441992 -14.520688
16.821699986899226 112.35302799799112 -41.76671
16.82170006265239 112.35302760286044 -44.416676
16.821692757745247 112.35303145411311 -14.28216
16.821673443415758 112.35302953823182 -14.234556
16.82166774352702 112.35302507326718 -39.88642
16.821654899441306 112.35302364775997 -40.861874
16.821615529494615 112.3530237998982 -14.130747
16.821603361955244 112.35301890389954 -38.413177
16.821584185476812 112.35301640345375 -42.366745
16.82152553089184 112.353014875313 -14.264759
16.821493795147088 112.35300821777251 -36.892426
16.82143555605065 112.35300610966345 -13.53981
16.821409991647467 112.35300358745174 -13.841935
16.821410001137625 112.35300353862104 -14.169514
16.82135324444664 112.35299406991987 -40.398888
16.821340565109896 112.35299233832222 -43.7469
16.821289349408442 112.35298809906317 -39.17865
16.821014799874312 112.35296355954259 -27.748514
16.820963858781003 112.35295853786539 -28.857027
16.820874606020446 112.35295034794761 -26.84436
16.820816979381235 112.35294639111815 -16.794474
16.82079145176663 112.3529442064995 -15.187241
16.82079181571643 112.35294231813972 -27.854063
16.820778718182076 112.35294295431144 -15.455257
16.820778714805613 112.35294297168042 -15.33873
16.82076597926212 112.35294172313013 -15.581089
16.820746858738268 112.35293993058544 -15.403851
16.82074050026113 112.35293926139444 -15.825953
16.820734128286965 112.35293865611584 -15.8183775
16.82071499343307 112.35293693411666 -15.164199
16.820708633903173 112.35293626236546 -15.601252
16.82068951367541 112.35293445666657 -15.504025
16.820689977082015 112.35293205141669 -31.63814
16.820670399726907 112.35293261215011 -15.663333
16.820664028339777 112.35293199601034 -15.724185
16.820658071245646 112.3529292264104 -30.229433
16.820651611172725 112.35292907005932 -27.205177
16.82064487719259 112.35293033744126 -14.630425
16.820593932030086 112.3529252111938 -16.403666
16.820562025457395 112.35292232778673 -15.34088
16.820542892747493 112.35292052056347 -15.210767
16.82049826141261 112.35291618349127 -15.680761
16.820498256661203 112.35291620793026 -15.516795
16.820491917371744 112.35291538885367 -16.917871
16.820485497560696 112.35291499317536 -15.478631
16.8204859026816 112.35291288791909 -29.600445
16.82047913266948 112.35291430271481 -16.014755
16.820473034130544 112.35291223533355 -25.787167
16.820459975875895 112.35291256289506 -15.394973
16.820460327485627 112.35291073826899 -27.634706
16.82043488492034 112.35290786970411 -30.473404
16.82042806972103 112.35290950919568 -15.371946
16.820428100505843 112.35290934547831 -16.469687
16.820408916879103 112.35290770855124 -15.13291
16.82040253293677 112.35290709643358 -15.129849
16.820402537011635 112.35290707547507 -15.270466
16.820345070900796 112.35290159845324 -14.977855
16.820332295517808 112.35290038857472 -14.8497925
16.82030035268702 112.35289733401763 -14.703082
16.820300691385068 112.35289557588436 -26.496912
16.820294346644232 112.35289473961288 -27.97601
16.82029448131542 112.3528940415922 -32.658558
16.820281204819814 112.35289539359559 -15.321172
16.820281197203137 112.35289543276961 -15.05834
16.820217960303676 112.35288709494759 -29.889229
16.820185992162617 112.35288341351196 -33.66884
16.82017939741969 112.35288371065613 -27.486872
16.820166693812247 112.3528817837582 -32.031555
16.820160297106177 112.35288105590132 -32.721714
16.82013452986218 112.35287904213192 -29.441727
16.82009597228408 112.3528754749447 -28.137524
16.819845417601375 112.3528505156033 -30.067211
16.81974224112678 112.35284177129994 -20.089916
16.819677856735005 112.35283570395487 -17.684664
16.81965212210607 112.35283316921854 -17.402334
16.819645708226414 112.35283243192228 -18.022966
16.819619928500792 112.35283011986719 -16.215513
16.81958137398686 112.35282605689049 -17.451279
16.81950422357553 112.35281815903444 -18.238848
16.819484881760864 112.35281647793425 -16.437654
16.81948489251872 112.352816422595 -16.808962
16.819478478914107 112.35281569147214 -17.351841
16.819478470627452 112.35281573409948 -17.065828
16.81947203788103 112.35281509683284 -16.977005
16.81945274397099 112.352813160454 -16.867037
16.819452726449317 112.35281325058789 -16.26227
16.819446322396974 112.35281246760097 -17.146032
16.81943992117707 112.35281167559573 -18.089691
16.81941416191007 112.35280928703904 -16.6193
16.819394871433538 112.35280735344637 -16.457706
16.819394932373093 112.35280703995893 -18.561096
16.819382007367206 112.35280608714089 -16.19135
16.819369165681838 112.35280470867743 -16.672886
16.819369173934486 112.35280466622348 -16.957737
16.819362745365044 112.35280401790831 -16.922249
16.819356317844413 112.35280336500428 -16.916418
16.819356326038847 112.35280332284967 -17.199263
16.819349883544703 112.35280275282517 -16.636871
16.81934987978341 112.35280277217446 -16.507044
16.819324292215068 112.35279953188542 -20.685091
16.819304987997192 112.35279771364247 -19.703585
16.81929847993038 112.3527974832671 -16.853035
16.819298478524292 112.35279749050058 -16.8045
16.819292054871983 112.35279682687076 -16.859917
16.81928562872658 112.35279617709173 -16.82139
16.81926635912629 112.35279419868371 -16.896229
16.81924708566248 112.35279224502835 -16.795652
16.81923422995783 112.3527909742347 -16.51048
16.819221383157092 112.35278966776455 -16.46177
16.819208550092604 112.35278830054935 -16.817772
16.819189288996164 112.35278631084107 -16.934338
16.819182870521367 112.35278564047456 -17.01938
16.819150765320636 112.35278237483074 -16.854437
16.819150795982882 112.35278221708587 -17.912853
16.819125066647196 112.35277986215438 -16.039124
16.819060906015295 112.3527732568475 -16.12743
16.818983940919544 112.35276539264927 -15.742267
16.818958038551635 112.35276278038981 -15.902327
16.818728095881163 112.35273901973206 -14.791318
16.818708956202883 112.35273701440029 -14.873991
16.818696200944004 112.35273566069874 -15.0436325
16.81869620166679 112.35273565698024 -15.068583
16.81858775450176 112.35272451473338 -14.146695
16.818568618691415 112.35272257050833 -13.853881
16.81855593401917 112.35272090100864 -16.16669
16.8185431137931 112.35271994361753 -13.705922
16.818530397664524 112.3527184541688 -14.818262
16.818530449899434 112.35271818006954 -16.656696
16.81852400298059 112.35271789138064 -14.153908
16.8185176314451 112.35271721578955 -14.247974
16.818498515975538 112.35271520377167 -14.437077
16.81844751732414 112.35270998503981 -13.996789
16.818434779032266 112.35270862934121 -14.239022
16.81840928615597 112.35270602472886 -14.021804
16.81840930891894 112.3527059076305 -14.807493
16.818402929111194 112.3527052882056 -14.542564
16.818377434350513 112.3527026854151 -14.332946
16.818377430328415 112.35270270610553 -14.19412
16.818371075302355 112.35270196698144 -14.738777
16.81837107529423 112.35270196702321 -14.738497
16.818364701053806 112.35270132226782 -14.650513
16.818339213812994 112.35269869758508 -14.617138
16.818294630184635 112.3526940227473 -15.155706
16.818281880349446 112.35269275002078 -14.899225
16.81828187723363 112.35269276604858 -14.791685
16.818275535171235 112.35269196607094 -15.763947
16.818269126984287 112.3526915015094 -14.48641
16.818269142082368 112.35269142384485 -15.007513
16.81826276447417 112.35269080222099 -14.785206
16.818224532977137 112.35268690078942 -14.633236
16.81821179060607 112.35268559391217 -14.637171
16.81821176769323 112.35268571177338 -13.846361
16.818205464226256 112.35268470475326 -16.2223
16.81816081515104 112.35268041367806 -14.398014
16.818154438713854 112.3526797824834 -14.264585
16.81812895314603 112.35267717800181 -14.284737
16.81806521313253 112.35267077739488 -13.705139
16.81805249500716 112.3526693456616 -14.6271105
16.818046116992157 112.3526687243239 -14.456053
16.818020625156542 112.35266612652254 -14.542775
16.818007886241098 112.35266479680355 -14.80422
16.817995139186472 112.35266350229635 -14.835708
16.817988744751965 112.35266296191573 -14.136983
16.817969653926205 112.3526608719012 -15.19857
16.817925525730914 112.35265378791014 -32.54227
16.817912197093165 112.35265549760098 -12.465856
16.817842703576538 112.35264506420783 -35.25131
16.817688924414252 112.35263316046246 -12.874019
16.817650693993492 112.35262954831656 -11.173422
16.817651332243663 112.3526262389506 -33.375233
16.81764435405593 112.35262862732446 -13.175716
16.81762517615317 112.35262668731941 -13.673077
16.81762519568446 112.35262658687168 -14.347065
16.817612393922587 112.3526253728181 -14.155132
16.817612380582244 112.35262544142627 -13.694782
16.817605969307387 112.35262488652502 -13.251621
16.817586875191225 112.35262249186368 -16.82927
16.817586771657037 112.35262302970719 -13.221093
16.81755542317233 112.3526165725966 -35.762062
16.817548410719883 112.35261912738953 -14.471059
16.817542541225578 112.35261575471127 -32.947994
16.817516381800868 112.35261615225652 -13.695744
16.81749086147507 112.35261322091657 -16.799477
16.817484428295742 112.3526127655459 -15.717956
16.817471579618267 112.35261175535508 -14.225507
16.817465144700535 112.35261130079788 -13.141847
16.81745285948892 112.35260735583459 -31.345423
16.817439534653108 112.35260880158424 -13.388687
16.817439543609826 112.35260875552129 -13.697767
16.817426772851885 112.35260733206825 -14.996101
16.817427360740908 112.35260428175891 -35.460117
16.817413922260908 112.352606310714 -13.600526
16.817414566135824 112.35260297248004 -35.996532
16.81738884148658 112.35260104563788 -32.44242
16.81733065909403 112.35259823967598 -14.24785
16.817324253120802 112.35259761785156 -14.311013
16.817298606917838 112.3525952377909 -13.852949
16.817292212217296 112.3525945542804 -14.334361
16.817292209137957 112.3525945701169 -14.228097
16.817285813489658 112.35259389076056 -14.682446
16.817285806353457 112.35259392746079 -14.436184
16.817235154960336 112.35258579800724 -36.175465
16.8172029907469 112.3525833310226 -32.24788
16.81720296938419 112.35258344088736 -31.510674
16.81719610883759 112.35258516467309 -15.85176
16.817176856404096 112.35258342702993 -15.2295685
16.81717091723226 112.3525803719622 -31.634571
16.817151190755244 112.35258109188568 -14.530646
16.817138775905565 112.35257775280313 -28.752516
16.81711912619886 112.35257807450722 -14.326876
16.817100347446434 112.35257386986048 -30.271282
16.817068240947805 112.35257104360754 -28.795542
16.816984867419283 112.35256310252342 -28.947788
16.8169589291428 112.35256212812223 -19.138277
16.81695252467646 112.35256146287114 -19.51387
16.81693969121898 112.35256027268156 -19.32483
16.81693325370934 112.35255978155703 -18.532036
16.816901219093708 112.35255654539365 -19.803265
16.816875849927623 112.35255260414824 -29.887108
16.81685631192423 112.35255229445568 -19.691378
16.81684338665147 112.35255157017812 -16.366533
16.81683072910859 112.35254945804505 -22.351671
16.81681146801492 112.35254771018094 -21.795683
16.81680498770446 112.35254744102782 -19.506477
16.816785757169278 112.35254553486934 -20.006222
16.816785779192436 112.35254541622729 -20.801687
16.816785759517746 112.35254552279127 -20.087273
16.816760094930608 112.35254310313017 -19.927307
16.816753696213944 112.3525424080938 -20.490404
16.8167280232507 112.35254003125226 -20.029905
16.81670878782337 112.3525381537749 -20.313864
16.8166962745012 112.35253528715165 -31.334234
16.816696237783102 112.35253547599196 -30.067022
16.816670332082353 112.35253431729464 -21.407146
16.816657488087866 112.35253316810542 -20.894762
16.816645072348354 112.35252980060342 -35.262897
16.816535971943054 112.35251968834301 -33.0318
16.816516450669663 112.35251929786766 -23.252604
16.816484317920978 112.35251656762458 -20.883717
16.816471874081635 112.35251336430085 -34.094566
16.816465056542103 112.35251485091374 -19.976915
16.816433030645694 112.35251157125128 -21.24546
16.816432998984766 112.35251173946381 -20.117311
16.815459649001514 112.3524173237758 -4.367747
16.815440501302636 112.35241514694559 -5.9655232
16.815434132277083 112.35241435140775 -6.966812
16.815364247769402 112.35240468516311 -24.106453
16.815325840122544 112.35240088616985 -23.556068
16.815325786900257 112.35240115988331 -21.719154
16.815312603048632 112.35240186848968 -8.282516
16.815293351826988 112.35240020774089 -6.402402
16.815274657810868 112.35239566148974 -23.884228
16.815267824967435 112.35239726066713 -8.811709
16.81526825858454 112.35239501451558 -23.88385
16.815255450980256 112.3523937667125 -23.573238
16.81524842590311 112.35239636434257 -1.8011572
16.815242649649946 112.35239248539655 -23.487368
16.81521704820507 112.3523899126752 -23.383106
16.815204247416194 112.35238862469085 -23.341892
16.81518505363308 112.3523866571369 -23.51969
16.815185064928478 112.35238659904681 -23.90954
16.815178632746875 112.35238612700886 -22.736382
16.81516525663113 112.35238781524733 -2.7245276
16.81516586302808 112.35238467515003 -23.795444
16.8151594395306 112.35238414740336 -22.995056
16.815152579168323 112.35238588752779 -6.977462
16.815108217494082 112.35237922215161 -21.12107
16.815108274046676 112.35237893131334 -23.072924
16.815101373930727 112.35238086598798 -5.765495
16.815095043151995 112.35237984003179 -8.3233595
16.815094880982592 112.35238067941395 -2.6908038
16.81509548797313 112.3523775362734 -23.782183
16.81505704060025 112.3523737867408 -22.988852
16.815044225102188 112.35237253239377 -22.756054
16.81503787012973 112.35237163324148 -24.465227
16.815031403564195 112.35237130761811 -22.325565
16.8150185996998 112.35236999046481 -22.515837
16.814999440492837 112.35236777236003 -24.42943
16.814979553541814 112.35236932048497 -1.0725543
16.814941734781648 112.35236228632363 -22.34392
16.814928482409048 112.35236328706182 -6.987553
16.814928883001542 112.35236120537498 -20.95544
16.814928911480767 112.3523610589115 -21.938381
16.814921982211054 112.35236312820429 -3.7325835
16.814915651175497 112.3523620986457 -6.3212695
16.81490969939879 112.35235909713151 -22.141747
16.814903293497615 112.35235845225776 -22.149332
16.814877604272645 112.35235621210386 -19.905724
16.814857908879148 112.35235674401467 -3.3821285
16.814851978869335 112.35235363279325 -19.942127
16.814852045549603 112.35235328448944 -22.278986
16.814845138755768 112.35235523401386 -4.880281
16.814820006043032 112.3523500975493 -22.082169
16.814806782477532 112.35235093161761 -7.854445
16.81480717587811 112.35234889228371 -21.538832
16.814807193929067 112.35234879945037 -22.161856
16.81480018002252 112.35235130287316 -1.0485942
16.814761957929964 112.35234628612473 -8.828888
16.814748988235426 112.35234579796476 -3.479352
16.81473633361979 112.35234369239599 -8.986569
16.814736703983556 112.35234177152917 -21.87593
16.814723345072792 112.35234329833443 -3.0081475
16.81471106561963 112.352339229712 -21.688677
16.814704662063612 112.35233856254062 -21.855602
16.81467901690771 112.35233604992418 -21.479397
16.814672109508475 112.35233799398158 -4.1261573
16.81466619295468 112.35233479890974 -21.257895
16.814333351955284 112.35229892706458 -38.48052
16.814314200379783 112.35229658901487 -41.309414
16.81430142203894 112.35229507209938 -42.91532
16.814275657278113 112.35229312275112 -38.85546
16.814249477177526 112.35229333377691 -20.30599
16.81421140689806 112.35228740601674 -34.392097
16.814211006874896 112.35228948489134 -20.4427
16.814198187948417 112.35228817241457 -20.688671
16.814198180988658 112.35228821358781 -20.413017
16.814191767264226 112.35228758141805 -20.375294
16.814191778888613 112.35228751625402 -20.81196
16.814185357683776 112.35228692281949 -20.514708
16.814185356514486 112.35228693421172 -20.438927
16.81417894324276 112.35228629987157 -20.416576
16.814173019660707 112.35228312537986 -37.43982
16.814166117375024 112.35228502741303 -20.398333
16.814160207452538 112.35228178747865 -37.862167
16.81415330472635 112.35228368621198 -20.842869
16.81413404797975 112.35228186893093 -20.206972
16.814115256488996 112.35227764114583 -35.750057
16.814114837195785 112.3522798137725 -21.17071
16.814102542646815 112.35227579544492 -39.586857
16.81409609809628 112.3522753208609 -38.496994
16.81406992827849 112.3522754575501 -20.485786
16.81405115252616 112.35227114720696 -36.59348
16.814019116056237 112.35226781848625 -37.57659
16.814012210955138 112.35226972773238 -20.494144
16.81400578982167 112.35226913739837 -20.186516
16.813980131952636 112.35226661713533 -20.023146
16.81396730862235 112.35226532805423 -20.137657
16.81396133273569 112.35226242066165 -35.379723
16.813960880428336 112.35226476850333 -19.624975
16.813961416767217 112.35226198846692 -38.280373
16.813954466712183 112.35226413447792 -19.612436
16.813955035369606 112.35226118283866 -39.41887
16.81395447236548 112.3522641054016 -19.807583
16.81393522200823 112.35226225064528 -19.454216
16.81392240992899 112.35226090359026 -19.962109
16.813922402347853 112.35226094258206 -19.700415
16.813915991599774 112.3522602932759 -19.792246
16.81390958249561 112.352259635521 -19.941074
16.81390378945657 112.35225578228798 -41.533195
16.813896749012727 112.35225840361124 -19.67916
16.81386465172756 112.35225539145314 -18.575233
16.813819787122043 112.35225083585446 -19.187546
16.813819815798027 112.35225068836462 -20.17743
16.813781296930813 112.35224705996411 -19.023487
16.81377489460232 112.35224635966011 -19.472689
16.813724172707868 112.35223822306781 -40.08457
16.81366634202918 112.35223307403858 -36.415745
16.81360226637125 112.35222640596444 -38.704895
16.813370703438725 112.35220718309365 -14.909452
16.813364305479567 112.35220647450112 -15.42016
16.81336427072185 112.35220665328009 -14.2202425
16.813364321697367 112.35220639108366 -15.980036
16.81335789143361 112.35220584886136 -15.374049
16.813338628357318 112.35220408091006 -14.503943
16.813312960755937 112.35220164178281 -13.892121
16.813312991948635 112.35220148134003 -14.968975
16.813293783412266 112.35219944242755 -15.91635
16.813293742600123 112.35219965234923 -14.507405
16.81324247081221 112.35219446361542 -15.360192
16.81324244433607 112.35219459979895 -14.4461565
16.813229621627592 112.35219333949854 -14.411833
16.8132039509326 112.35219093668978 -13.548994
16.813178339772357 112.35218822641305 -14.746754
16.81312764274339 112.35218008847215 -35.369392
16.813120644879856 112.35218250117595 -14.929033
16.81312063449333 112.3521825546009 -14.570454
16.813120644265595 112.35218250433546 -14.907827
16.813107809765064 112.3521813033274 -14.4678955
16.81308858840963 112.35217934784012 -14.840082
16.813082726323824 112.35217587112379 -33.921173
16.813031479323566 112.3521706178826 -35.161938
16.812992456227974 112.35216975370479 -15.444291
16.812992455358597 112.35216975817667 -15.414276
16.812993022891437 112.35216681204663 -35.184944
16.8129860322266 112.35216919281234 -14.954232
16.81297323183158 112.35216782185317 -15.645187
16.812966835140138 112.35216711582011 -16.127893
16.812954036169312 112.35216574897136 -16.791054
16.812941696910446 112.35216199727903 -33.457367
16.812934792885844 112.3521639235311 -16.273909
16.81293539913618 112.35216078361695 -37.34597
16.812921925016454 112.35216290842807 -14.572994
16.812915572769516 112.35216198066486 -16.542551
16.812915557492115 112.35216206462708 -15.979679
16.812902746874556 112.3521607510315 -16.280024
16.81288991302406 112.35215956861511 -15.700204
16.812864274303806 112.3521570466725 -15.590533
16.812845044061916 112.35215516374183 -15.448226
16.81284577400665 112.35215137679772 -40.861862
16.812832210777888 112.35215397705444 -14.891553
16.812794333226645 112.35214720929913 -34.74334
16.812768876525787 112.35214375866323 -40.849884
16.812736653074513 112.35214153241529 -34.470074
16.81271745856677 112.35213948312084 -35.428352
16.812679042106026 112.35213552073341 -36.421844
16.812602051111277 112.35212843308038 -32.76043
16.81260214887628 112.35212792481515 -36.17123
16.81258936804914 112.3521264975103 -37.21026
16.812486723366543 112.35211694680166 -33.05669
16.811410301609314 112.35201023795472 -28.774305
16.811320394172295 112.35200174087268 -26.35959
16.811313963851955 112.3520011723024 -25.93417
16.811281876050586 112.35199800679365 -25.983746
16.81127564035819 112.35199680020733 -29.310272
16.81124992506231 112.35199438064741 -28.740894
16.81123057260305 112.35199289919659 -26.083296
16.811224150030263 112.3519922589244 -26.181633
16.81119843914829 112.35198980323682 -25.873465
16.81114702813228 112.35198480153753 -25.885868
16.81112783842743 112.35198245756027 -29.041508
16.811114891986524 112.35198168156353 -25.866856
16.81105710366887 112.35197576320178 -27.88732
16.81105059544428 112.3519755511725 -25.122242
16.811018582086373 112.35197176563858 -29.594418
16.810992768590825 112.35196978480585 -26.14522
16.81097988404689 112.35196867585768 -25.217009
16.810973495889897 112.35196784763656 -26.591322
16.81096063508852 112.35196661007573 -26.526686
16.810941327060945 112.35196484586017 -25.81303
16.810922054951472 112.3519629005049 -26.316765
16.810889917100152 112.35195973760574 -26.623457
16.810883501224435 112.35195904446816 -27.091335
16.81084492528505 112.35195531382007 -27.025576
16.81084490883211 112.35195539846552 -26.457375
16.81080639679485 112.3519513220269 -28.708084
16.810780648999362 112.35194898039312 -27.681885
16.810754902575226 112.35194663196052 -26.698242
16.810748618085505 112.35194525710871 -31.739065
16.81074211228234 112.35194503172205 -29.064915
16.8107034686388 112.3519416418833 -26.688309
16.810697041443262 112.35194100753564 -26.756763
16.810684243328076 112.35193944476309 -28.86615
16.810677872340833 112.35193851634457 -30.906967
16.810645683125845 112.35193563434159 -29.295092
16.8106455890537 112.35193611834094 -26.04609
16.810632768023584 112.35193469176274 -27.23712
16.810613496830538 112.35193274771557 -27.704704
16.810607044089345 112.35193224782027 -26.865154
16.810594185701433 112.35193100156357 -26.838516
16.810581379879277 112.35192949072808 -28.586578
16.810536427121434 112.35192489524034 -30.040504
16.81051076010158 112.35192217329829 -31.503195
16.81046565747687 112.35191838509982 -27.493645
