lat lon elevation
16.206328839290077 111.57915228828679 -4.216905
16.205593060672864 111.57907921193122 -2.8310792
16.205567468128162 111.5790766335814 -3.1375146
16.205516289023848 111.57907146291076 -3.4947395
16.20542675820669 111.57906242047522 -2.7795675
16.205426758364087 111.57906242041197 -2.772889
16.20533723337792 111.57905314531023 -2.697762
16.205292465684828 111.57904849329036 -2.8262467
16.20515817944326 111.57903447642954 -2.5561059
16.205145396623735 111.57903313540182 -2.2786188
16.205087832519208 111.57902710799232 -2.565325
16.205055861349997 111.57902375118866 -2.3185687
16.205036676109785 111.5790217371571 -2.3067195
16.204998304019032 111.57901770579927 -2.2409153
16.204979124217388 111.57901568721627 -2.0080712
16.204959931573633 111.57901367248829 -2.2684176
16.204908758275575 111.57900829217752 -2.4920652
16.204697585551855 111.578986102586 -5.9887624
16.204345725525084 111.57894914967564 -3.1752846
16.204320128373205 111.57894647723914 -3.1479576
16.204320121602027 111.57894647944616 -3.3917375
16.204307321230786 111.57894514351183 -3.3411252
16.204300927805495 111.57894447426368 -3.1302369
16.204179333407136 111.57893175493244 -3.3612914
16.203935985009803 111.57890687867885 -2.801938
16.203564471302684 111.57886933756436 -5.36217
16.203487642674496 111.57886160387932 -4.8961787
16.20243882479495 111.57875581093558 -0.6834733
16.202426039913043 111.5787545122221 -1.0258605
16.20241327093512 111.57875320730454 -0.74141604
16.202387723867755 111.57875060020926 -0.5778814
16.202355781498863 111.5787473419195 -0.6765131
16.202355785498792 111.57874734031138 -0.5067798
16.202330235127633 111.5787447308684 -0.46381113
16.202317456646362 111.5787434274777 -0.63100404
16.20230468498425 111.57874212054521 -0.47368237
16.2022919151 111.57874081209452 -0.20548078
16.202189698552083 111.57873036134369 -1.1237134
16.20217054545714 111.5787283940142 -0.75646317
16.202170544842815 111.57872839426119 -0.78253233
16.202132220710503 111.57872446445323 -0.82108605
16.20201724505217 111.57871265751172 -1.134115
16.201972527467053 111.57870806120691 -1.542952
16.201946970521107 111.57870543353903 -1.8649143
16.201940582324003 111.57870477549494 -1.8589704
16.201883087747053 111.57869885411814 -2.201186
16.201851147327538 111.57869556056603 -2.2839236
16.201831978953745 111.57869358550606 -2.5349622
16.20183198530271 111.57869358295316 -2.265525
16.201812810874525 111.57869160855294 -2.6798005
16.201780852182182 111.57868831738618 -3.4589741
16.20178086175187 111.57868831405176 -3.0964017
16.20176809229118 111.57868699133688 -2.8028355
16.201761696713408 111.57868633517022 -3.194565
16.20171698207641 111.57868171092029 -3.010028
16.20161477382589 111.5786711469463 -2.4926426
16.201557257762925 111.57866517582818 -2.7941809
16.201538092490477 111.57866318232828 -2.6410394
16.20149336098323 111.57865853108176 -2.5253513
16.20148058431086 111.57865720051906 -2.3477755
16.20147419118022 111.57865653682602 -2.4377623
16.20144223758942 111.57865321255696 -2.3299425
16.20133357201621 111.57864191017894 -2.4755373
16.201327175121218 111.57864124668606 -2.6475012
16.201320783604046 111.57864058102062 -2.5908144
16.20131438937594 111.57863991640055 -2.645696
16.20130799500444 111.57863925179427 -2.7031603
16.201250459501907 111.57863326342016 -2.5131776
16.201231276087235 111.57863126844252 -2.5797238
16.2012248846871 111.57863060166575 -2.4237509
16.20121210085319 111.57862926987923 -2.2658696
16.201160939540433 111.57862395009995 -2.425147
16.201103389653756 111.57861796231418 -2.151276
16.2010714160879 111.57861463493494 -1.8573405
16.201058620067815 111.57861330654207 -1.9922123
16.201020245495915 111.57860931570549 -1.7298362
16.201013847608806 111.57860865139452 -1.7624695
16.20096906331844 111.57860400122304 -1.8812525
16.200962656967747 111.57860334025948 -2.2384055
16.200949871412657 111.57860200748824 -1.7944793
16.200943474808568 111.57860134264402 -1.7289517
16.200937080137134 111.57860067702566 -1.5774175
16.200905089458498 111.57859735693148 -1.5761333
16.200898692676322 111.57859669267651 -1.530776
16.20088589473219 111.5785953649874 -1.5330902
16.200873090711884 111.57859403977847 -1.7774062
16.200853895504594 111.5785920476951 -1.6547903
16.200821890257142 111.57858873314039 -1.9331168
16.20080909694692 111.57858740389221 -1.6438726
16.20073869126417 111.57858011143941 -1.5738302
16.20073229499539 111.57857944739868 -1.4047265
16.20072588859187 111.57857878697504 -1.6214468
16.200693887387317 111.57857547285646 -1.3401446
16.20063626924681 111.5785695171134 -1.3965585
16.200617061612178 111.57856753258972 -1.3758814
16.200604255384018 111.57856621016666 -1.3893886
16.20058504211576 111.57856422842488 -1.5537044
16.200553020496756 111.57856092605437 -1.7358223
16.20053381210843 111.57855894372902 -1.6493418
16.200508196882335 111.5785563016851 -1.5633335
16.200501805133708 111.57855563703072 -1.0722997
16.20046977505341 111.57855234162308 -1.4737868
16.200456956360824 111.57855102605235 -1.861926
16.200450561814424 111.57855036286435 -1.4635838
16.200431343318247 111.57854838565282 -1.5669944
16.200424933154707 111.57854772840605 -1.7755369
16.20042493618183 111.578547727189 -1.6470627
16.20041212897075 111.57854640810868 -1.5445384
16.20039290502594 111.57854443438832 -1.8644422
16.200367300764782 111.57854173585662 -1.6597987
16.200354490935567 111.57854042582586 -1.4955734
16.200341673110145 111.57853911920505 -1.6593744
16.20030963889418 111.57853584979603 -1.6223607
16.20029041457151 111.57853388944447 -1.6648173
16.20025838519253 111.57853062079487 -1.4016013
16.200251971555957 111.57852997001712 -1.6469065
16.200239164991594 111.57852866021517 -1.248836
16.200232750874797 111.57852800974477 -1.5077662
16.200232751334266 111.57852800956005 -1.4882662
16.200226340976595 111.5785273576151 -1.5854783
16.20022634253907 111.57852735698691 -1.5191662
16.20021352759476 111.57852605088453 -1.4622715
16.2002007064215 111.57852474742563 -1.6614511
16.20019430340219 111.57852409270431 -1.4368684
16.200181490466782 111.57852278661332 -1.3150854
16.200181489930763 111.57852278682884 -1.3378344
16.200162263424872 111.57852083006051 -1.3817594
16.200149448645366 111.57851952405318 -1.2388852
16.200143043530666 111.57851887089899 -1.1291203
16.20011740405884 111.57851626426925 -1.3186319
16.20008536386494 111.57851300285597 -1.1337383
16.2000853608191 111.57851300408053 -1.2630022
16.200078957363676 111.57851235002184 -1.0274098
16.200078957722187 111.57851234987771 -1.0121949
16.200059721844095 111.57851039804476 -1.3777708
16.2000533205608 111.57850974367243 -1.0856586
16.200046908519717 111.5785090941243 -1.28951
16.200046910639482 111.57850909327206 -1.1995494
16.200040505712398 111.57850843991886 -1.0193486
16.200027683157355 111.57850713836811 -1.1948812
16.20002768527494 111.57850713751674 -1.1050129
16.200021274104998 111.57850648672138 -1.1867517
16.19999564504728 111.5785038773987 -0.841907
16.199989231670862 111.57850322755698 -1.0130773
16.199982823256178 111.57850257573172 -0.97295475
16.199957186015578 111.57849997045196 -0.99858403
16.199950777717362 111.57849931862668 -0.9505085
16.199944369018453 111.57849866696996 -0.9189564
16.19991872475495 111.57849606421128 -1.1905385
16.19991872424601 111.5784960644159 -1.212137
16.199912318016146 111.57849541179411 -1.0739987
16.19990590834805 111.57849476055834 -1.0815332
16.1998995002686 111.57849410868685 -1.0214491
16.199867467829794 111.57849084611938 -0.37896144
16.199854636330176 111.57848954855349 -0.9092138
16.199848223694403 111.57848889851607 -1.0423521
16.19984181453636 111.57848824707796 -1.028066
16.199835398636303 111.57848759834756 -1.3001025
16.199829000530848 111.57848694390222 -0.9388125
16.19980335960067 111.57848433980422 -1.0691295
16.199790537708452 111.57848303829276 -1.1973729
16.199764906678325 111.57848043004724 -0.9192512
16.199726442815226 111.57847652434168 -1.2584442
16.19970080533275 111.57847391820626 -1.2835121
16.19970080180814 111.57847391962339 -1.433086
16.199687991438772 111.57847261360288 -1.1387104
16.199649534351956 111.57846870415496 -1.2656883
16.199630309524558 111.5784667476968 -1.1898601
16.199617484538987 111.57846544668584 -1.5047362
16.1996110862429 111.57846479140433 -1.1431371
16.19959186285146 111.5784628344893 -1.0752345
16.199559820350757 111.57845957313627 -1.0791216
16.199553413728843 111.57845892004144 -1.0058495
16.199547008113534 111.57845826651813 -0.8918338
16.199514964288326 111.5784550048325 -1.0181936
16.199495735599292 111.57845304849974 -1.2232838
16.199482925731292 111.57845174042424 -0.9785922
16.199450887701698 111.57844847513392 -0.9759634
16.19943167036549 111.57844651390404 -0.81262195
16.19942526165089 111.57844586112415 -0.87451905
16.19941244462347 111.57844455531688 -0.98936707
16.1994060432002 111.578443899519 -0.75002575
16.199380413222087 111.57844128676285 -0.93248266
16.19931634933717 111.57843474638553 -0.9635671
16.19931635289777 111.57843474495385 -0.8124728
16.199284320476313 111.5784314736073 -0.94931275
16.19926510188341 111.57842951009168 -1.0354633
16.199233080845268 111.57842623296469 -0.82695615
16.199226673194122 111.57842557883447 -0.94215983
16.199213868259438 111.57842426631665 -0.74362636
16.199207462768886 111.57842361171056 -0.81870395
16.199207463393485 111.57842361145943 -0.79219913
16.199175444782593 111.57842033299357 -0.7275542
16.19914983420863 111.57841770764901 -0.53523993
16.19913061869506 111.57841574058048 -0.68568474
16.199117807079567 111.57841442989833 -0.8872107
16.19911780996682 111.57841442873739 -0.76469237
16.19910500203584 111.57841311694868 -0.86674845
16.199085811940485 111.57841123121491 -0.90874124
16.199060190463697 111.57840858386741 -1.171927
16.19904098254908 111.57840659445743 -1.0364555
16.19904098633822 111.57840659293385 -0.87566626
16.19902817912831 111.57840526734678 -0.88941133
16.19902176984113 111.57840460681561 -1.1441061
16.199015370922886 111.57840394210244 -0.9633138
16.198996162517442 111.57840195258777 -0.94270205
16.198989762205112 111.57840128840085 -0.8394208
16.198989762552433 111.57840128826118 -0.82468283
16.198951348381954 111.5783973094619 -0.94422257
16.198944948196782 111.57839664522804 -0.868811
16.198944949218625 111.57839664481718 -0.8254502
16.198932133262524 111.5783953226399 -1.3506174
16.198874532609914 111.5783893454374 -0.98168015
16.19886173226601 111.57838801690062 -0.9146335
16.19885532695994 111.57838735498052 -1.12698
16.1988489305203 111.57838669000854 -1.0087671
16.19882332893199 111.57838403489627 -1.0982994
16.19879773542697 111.57838137712272 -0.9268381
16.198778540346563 111.57837938427218 -0.8549862
16.198772136854174 111.57837872215092 -1.0596793
16.198759339753725 111.57837739409199 -1.066026
16.198752945566984 111.57837672983699 -1.0136361
16.198740150081218 111.57837540146521 -0.9844466
16.1987273565745 111.57837407253794 -0.89341366
16.19870815850953 111.57837208276321 -1.1297951
16.198708163031135 111.57837208094521 -0.9379254
16.198695366757647 111.57837075378603 -1.0200918
16.19869535809384 111.57837075726947 -1.3877318
16.198688960685278 111.57837009350283 -1.4063404
16.198676176538765 111.5783687618984 -1.007662
16.198663382502865 111.57836743457258 -1.05123
16.198656985937106 111.57836677132715 -1.1027668
16.198656988478174 111.57836677030546 -0.9949388
16.19865058963288 111.57836610709244 -1.0679934
16.19861221603534 111.57836212509005 -1.0796965
16.198605820878047 111.57836146147832 -1.0766124
16.19859302957512 111.57836013492904 -1.129555
16.198554659579546 111.5783561560228 -1.259911
16.198529092186792 111.57835350183501 -1.0479873
16.198529092554264 111.57835350168726 -1.0323939
16.198516303089683 111.57835217683314 -1.1449673
16.198509902746807 111.57835151682724 -1.447932
16.19850352109098 111.57835084942 -0.96364707
16.19848433974468 111.57834886250893 -1.0888236
16.198484340544315 111.57834886218744 -1.0548913
16.198471556990068 111.57834753655027 -0.99672836
16.198465165727665 111.57834687370305 -0.9543511
16.198458773727488 111.57834621127299 -0.94896966
16.198439600179114 111.57834422369915 -0.86007696
16.198407640149636 111.5783409153002 -1.0041289
16.198407631612138 111.57834091873278 -1.3664172
16.19840125143064 111.5783402526861 -0.9103166
16.19839485965739 111.57833959191301 -0.99211335
16.198388467320335 111.5783389310177 -1.0630044
16.198375688778853 111.57833760716318 -0.96123374
16.198324571340525 111.57833231952245 -0.9941596
16.198318181936305 111.57833165897013 -1.0010014
16.19829901291534 111.57832967898541 -1.1284902
16.19826068899507 111.57832571630887 -0.84368545
16.198254302889072 111.57832505590412 -0.7635456
16.198235140176664 111.57832307736791 -0.7405684
16.19814572538619 111.57831385819878 -0.7533363
16.19813933429816 111.57831320261212 -0.9736923
16.19812018014408 111.57831122961608 -0.8920325
16.19810740984159 111.57830991608355 -0.95107853
16.198107408077068 111.57830991679302 -1.02596
16.198081871002472 111.57830728833916 -0.8863815
16.198075486688495 111.57830663161508 -0.86127305
16.19806910219468 111.57830597516416 -0.85121864
16.198062714522056 111.57830532015524 -0.98034066
16.198043560746846 111.57830335239716 -1.0007484
16.198037178704265 111.57830269626172 -0.94803613
16.19801164119859 111.57830007471833 -0.97190505
16.197986106370973 111.57829745569269 -1.0255136
16.197960577076685 111.57829483659394 -0.8638325
16.19794781253798 111.57829352846572 -0.8403283
16.197941418636333 111.57829287860484 -1.2669239
16.197941428280576 111.57829287472688 -0.8576345
16.197935042294716 111.57829222232647 -0.99208575
16.19790951673118 111.5782896074446 -0.8235604
16.197903129835506 111.57828895622403 -1.0130477
16.19790313458931 111.57828895431248 -0.8113004
16.19789675627816 111.5782883007256 -0.7173356
16.197820173554383 111.5782804763768 -0.70794237
16.197813687984045 111.57827972716044 -0.8384131
16.197813687745153 111.57827972725651 -0.8485515
16.197781810735954 111.57827650552122 -0.9192412
16.197775435303726 111.57827586222109 -0.9897156
16.197737186239067 111.57827200114659 -1.0580251
16.197730813491283 111.57827135726903 -0.98555624
16.197730819949847 111.57827135467177 -0.71144843
16.197724438112484 111.57827071457906 -1.0259058
16.19771169025248 111.57826942837217 -0.9834641
16.197711694553963 111.57826942664232 -0.800904
16.19770531829007 111.57826878468093 -0.88159585
16.197705317216425 111.5782687851127 -0.92716265
16.197698949690476 111.57826813975619 -0.63770026
16.19769894233295 111.57826814271506 -0.9499645
16.197692560860027 111.57826750308361 -1.2530141
16.197686199518447 111.57826685594738 -0.7424355
16.197679823913553 111.5782662151357 -0.877879
16.197667080881274 111.57826492863433 -0.6410412
16.1976607049356 111.57826428732037 -0.7106879
16.19762883094058 111.57826107988834 -0.81167126
16.19759058910498 111.57825723146028 -0.65411896
16.197590584404274 111.57825723335091 -0.85363185
16.197584216038084 111.57825659000508 -0.59273726
16.19757783521992 111.5782559512566 -0.818553
16.19757146593549 111.57825530841059 -0.5935631
16.197565089835837 111.57825466836674 -0.6561319
16.197545963868293 111.5782527481132 -0.7738638
16.1975395900831 111.57825210731592 -0.72720647
16.197539589503194 111.57825210754918 -0.75181997
16.197533211947754 111.57825146835401 -0.86598337
16.19752046371155 111.57825018685087 -0.7549684
16.19750134122033 111.5782482661271 -0.6753118
16.197501336680716 111.5782482679531 -0.86799407
16.197494965677866 111.57824762634526 -0.68813396
16.197488592540587 111.57824698562325 -0.5958333
16.19748858693144 111.5782469878795 -0.8339125
16.197482212513734 111.57824634769707 -0.7928151
16.19747583430108 111.57824570906283 -0.90954196
16.197469464152494 111.57824506815867 -0.7612759
16.197450339018832 111.57824314905224 -0.71704924
16.197392945076512 111.57823739787254 -1.0343806
16.197354689000885 111.57823356042422 -0.7567746
16.197341935751464 111.57823228153849 -0.67558616
16.197341933403138 111.57823228248324 -0.7752653
16.197329180638985 111.57823100372295 -0.69170356
16.197316422630916 111.5782297264163 -0.76749825
16.197310041829827 111.57822908841234 -0.872851
16.19731004515579 111.57822908707425 -0.73167306
16.197303667215834 111.57822844786655 -0.7095682
16.197297286155415 111.57822780938135 -0.7734685
16.197290909323456 111.57822717009219 -0.7323747
16.19727815431785 111.57822589091398 -0.60747933
16.197265390165647 111.57822461515234 -0.8449358
16.197246256213766 111.57822269698653 -0.71056914
16.197246254754415 111.57822269757368 -0.7725158
16.197220726744874 111.57822014409749 -1.0707223
16.197214355246953 111.5782195012858 -0.68141574
16.19720797590491 111.57821886153873 -0.6177251
16.19720159185067 111.57821822359371 -0.7466223
16.197195212091952 111.57821758430168 -0.7260227
16.197195213784266 111.57821758362076 -0.65418607
16.19717606428147 111.57821566778293 -0.8563335
16.19717606355785 111.5782156680741 -0.8870504
16.197163298543753 111.57821438981667 -0.92872703
16.19716330084325 111.57821438889138 -0.83111525
16.197156924743066 111.57821374701923 -0.56802166
16.197144155731102 111.57821246969685 -0.7311523
16.19713138937347 111.57821119083363 -0.7486762
16.19712500468044 111.5782105518282 -0.8091786
16.19709308750935 111.5782073528233 -0.75661564
16.197067548798692 111.57820479279542 -0.7352599
16.19706754529757 111.57820479420432 -0.8838829
16.19704200804635 111.57820223222237 -0.7361517
16.197035613712202 111.57820159514156 -1.0812653
16.196978136245814 111.5781958253314 -0.7176248
16.196927017268248 111.57819069660142 -0.95065546
16.19692062828806 111.57819005426383 -0.89110863
16.196901458624374 111.57818812720197 -0.76599216
16.196895057495233 111.57818748898505 -1.1806638
16.196888673997254 111.57818684347573 -0.8363915
16.19688228282746 111.57818620085618 -0.80727863
16.196869496057445 111.5781849168001 -0.9054326
16.19685671072749 111.57818363135402 -0.8999561
16.19684392568109 111.5781823449714 -0.83967847
16.196811959328045 111.57817912824805 -0.7774678
16.196805563315674 111.5781784850858 -0.8251553
16.19679916420656 111.57817784295331 -0.9933913
16.196779970397206 111.57817591382732 -1.2830515
16.196741597915945 111.57817204394786 -0.96282184
16.196735202680486 111.5781713980235 -0.85640305
16.19667761030977 111.5781655884579 -0.8943206
16.196677599867662 111.57816559266112 -1.3376062
16.196658408188274 111.57816364957004 -0.9042033
16.196639202003965 111.5781617101604 -0.9861078
16.19662639715655 111.57816041626731 -1.0127041
16.19661999701134 111.57815976805833 -0.9140673
16.196619996889755 111.57815976810727 -0.91922873
16.196607194898757 111.57815847308444 -0.8822794
16.196600791110537 111.57815782560992 -0.90493804
16.196543147485787 111.57815199110082 -1.015749
16.19651124204703 111.57814880675508 -1.0104773
16.196459895725738 111.57814356051664 -0.9062064
16.19644705409999 111.57814224846521 -0.98078907
16.1964277938601 111.57814027784731 -0.93235743
16.196427787500962 111.57814028040718 -1.2023077
16.196421372033466 111.57813962123103 -0.9718981
16.19640852939313 111.57813830693365 -0.9810803
16.196402098650456 111.57813765325392 -1.3724786
16.19638284412492 111.57813567721792 -1.0169531
16.196363575669892 111.57813370348354 -1.057073
16.196357152103634 111.57813304498809 -1.045805
16.196337875724563 111.57813107254938 -1.370284
16.196305756442797 111.57812777735424 -1.360241
16.196247942056907 111.57812183533815 -0.9668963
16.196247944521186 111.57812183434622 -0.8622924
16.19622223575737 111.57811919404708 -1.059469
16.196215812742373 111.57811853252731 -0.97025514
16.19619011188 111.57811588665767 -0.78055847
16.196183681539654 111.57811522691651 -0.9404088
16.196177254729246 111.57811456659306 -1.0279068
16.196100126678466 111.57810662498991 -1.1663316
16.196093702655496 111.57810596110043 -1.0148737
16.1960808473284 111.57810463604521 -1.0214306
16.19605513338904 111.57810198623432 -1.1568868
16.196042281541082 111.5781006587989 -1.0009462
16.196035852276744 111.57809999631786 -1.0636808
16.19602942683019 111.57809933271625 -1.0044954
16.19601014353379 111.57809734239126 -0.95782423
16.1959972810225 111.57809601834786 -1.2499981
16.195971576329416 111.57809336195783 -1.0169178
16.195926581709774 111.57808871648824 -1.1414855
16.19592015314208 111.57808805290577 -1.1862566
16.195894446690776 111.57808539570388 -1.0921085
16.195875161183046 111.57808340463005 -1.2589563
16.195868739252973 111.57808273828584 -1.0411447
16.195868736407533 111.57808273943097 -1.1619096
16.19586874004915 111.57808273796542 -1.0073539
16.19586231275184 111.5780820737816 -1.0203098
16.19586231093001 111.57808207451478 -1.0976305
16.195772341344007 111.57807277234393 -1.127569
16.195733793012 111.578068784955 -1.1017393
16.195733793099972 111.5780687849196 -1.098006
16.19573379192051 111.57806878539422 -1.1480614
16.195727369212946 111.57806811995206 -1.0569986
16.19571451690473 111.57806679200861 -1.1843393
16.19570809516593 111.57806612634836 -1.0693134
16.195656702401028 111.57806081155995 -1.2124659
16.195643853718906 111.57805948321132 -1.2839588
16.195643861414553 111.57805948011467 -0.9573724
16.19562458940973 111.57805748903154 -1.1754438
16.195566795024142 111.57805151076906 -1.1920041
16.195553954488773 111.57805018231923 -1.1667324
16.195541117804787 111.5780488532886 -1.0541949
16.195534698920167 111.57804818989277 -1.0944221
16.195521856631963 111.57804686334427 -1.2298211
16.195521862832706 111.5780468608493 -0.9666854
16.195521854493453 111.57804686420472 -1.3205712
16.195502597049803 111.57804487290157 -1.334618
16.1954961805922 111.57804420830664 -1.242799
16.195483349854516 111.57804287863439 -0.9936991
16.195476928132805 111.57804221655486 -1.1523538
16.19542559071149 111.57803691033207 -1.214826
16.195419180485 111.57803624491257 -0.970626
16.195406348210632 111.57803491976783 -1.0537547
16.195406348677626 111.57803491957992 -1.0339378
16.195399930493647 111.57803425781971 -1.1568502
16.195393516164106 111.57803359466432 -1.1261264
16.195380690354295 111.57803226768003 -0.9737699
16.195374269549575 111.57803160757004 -1.2448965
16.195335790485558 111.57802763215243 -1.1624467
16.195310146945218 111.57802498301076 -1.047793
16.19529731908469 111.5780236612094 -1.2514131
16.19529732178484 111.57802366012304 -1.1368352
16.195265270225196 111.57802035146177 -1.0652248
16.195207482007078 111.57801438084834 -1.2068044
16.1951946879694 111.57801306610084 -1.3345387
16.1951946927256 111.57801306418733 -1.1327192
16.19514993035169 111.57800846174872 -1.2053733
16.19512435956558 111.57800583313403 -1.1788296
16.19512435764463 111.57800583390686 -1.2603416
16.195117966535086 111.57800517643736 -1.2001499
16.195111575755053 111.57800451901066 -1.1353334
16.195098794262627 111.5780032056145 -1.1113241
16.195086014559152 111.57800189170769 -1.0071841
16.195079620956736 111.57800123627916 -1.1073782
16.195041279212425 111.5779972992399 -1.045197
16.195041272582852 111.57799730190717 -1.326514
16.195015722394462 111.57799467607981 -0.98275775
16.195009331142796 111.57799402148034 -1.0706804
16.19498377430388 111.57799140149505 -1.1611992
16.194964611352862 111.5779894362353 -1.1055194
16.194951835980252 111.57798812732081 -1.1458284
16.194945450664672 111.57798747189054 -1.0550405
16.194913512440916 111.57798420158501 -1.1892056
16.194856044328986 111.57797831681339 -1.0315775
16.194849659822623 111.57797766310604 -0.9904371
16.194779423100144 111.57797048315372 -1.1194245
16.194773037320076 111.57796983137433 -1.1803714
16.19475388930153 111.5779678729308 -0.986536
16.194734731320867 111.57796591943277 -1.2412975
16.19472835173052 111.57796526637142 -1.1000464
16.194728354475593 111.57796526526687 -0.9835559
16.194721965194706 111.57796461524313 -1.175197
16.194709197398957 111.57796331211179 -1.1890601
16.194702815068812 111.57796266005649 -1.1325843
16.194690049129523 111.57796135721503 -1.1199285
16.194677284417146 111.57796005375619 -1.0215937
16.1946645196727 111.57795875161366 -1.0111665
16.194658129802153 111.57795810320502 -1.2856809
16.194645363277086 111.57795680127694 -1.2741584
16.194638981463253 111.57795614986583 -1.2097352
16.194626217513353 111.57795484740197 -1.0967178
16.194619836436306 111.57795419591997 -1.002951
16.19461983022419 111.57795419841973 -1.2665762
16.19459430059158 111.57795159581939 -1.1608067
16.194587920290818 111.57795094436996 -1.0350157
16.194587909784204 111.57795094859789 -1.4808915
16.19456876588425 111.57794899535608 -1.1889863
16.194568767784915 111.57794899459124 -1.1083262
16.19453685030541 111.57794574605823 -1.1841116
16.19452408240418 111.57794444719337 -1.2303494
16.194524086279657 111.5779444456338 -1.0658813
16.194517697974497 111.5779437980277 -1.2719661
16.19451769655015 111.5779437986009 -1.3324126
16.19451769735298 111.57794379827781 -1.2983423
16.194504929580827 111.57794249964923 -1.3312293
16.194485781136727 111.57794055074017 -1.2320464
16.194479397764063 111.57793990140951 -1.2190119
16.194473007787153 111.57793925473632 -1.481139
16.19443471120359 111.5779353596609 -1.3092694
16.19438363798792 111.5779301702506 -1.234386
16.19437725313387 111.57792952194134 -1.240128
16.194358095590783 111.57792757829014 -1.3620045
16.19435809858346 111.5779275770857 -1.2349956
16.19435809634859 111.57792757798516 -1.3298433
16.194319783825037 111.5779236903451 -1.3986492
16.194319783217406 111.57792369058967 -1.4244373
16.194319784856038 111.57792368993016 -1.3548932
16.19431340245876 111.57792304070423 -1.2164679
16.194307015773745 111.57792239320325 -1.2555394
16.19428785461405 111.57792045108931 -1.3889477
16.194287856174267 111.57792045046136 -1.3227314
16.194287854965612 111.57792045094781 -1.374027
16.19428146855581 111.57791980331895 -1.3826773
16.194243151688 111.57791591813196 -1.3827214
16.194236764975464 111.57791527054145 -1.3683206
16.194204826595165 111.57791203424065 -1.417753
16.194147330165553 111.5779062107167 -1.4879261
16.19413454887522 111.57790491739013 -1.5682216
16.194096209699246 111.57790103645537 -1.6102873
16.194089810957248 111.57790039298325 -1.9642814
16.194019518889142 111.5778932750734 -1.5197574
16.19401311954441 111.57789263121954 -1.8133725
16.19401312435496 111.57789262928308 -1.6092023
16.19400673009177 111.57789198332479 -1.6796997
16.193993949734274 111.57789068745937 -1.4110616
16.193987551015883 111.57789004311186 -1.6480793
16.193974943400576 111.57788872951588 -1.4481895
16.193942916485614 111.57788550333974 -1.522233
16.19393651389162 111.577884856777 -1.395284
16.193898076465423 111.57788098471737 -1.4010246
16.193866038037132 111.57787775903145 -1.5173037
16.193866034369314 111.57787776050802 -1.6729754
16.193846810061437 111.57787582523953 -1.7542753
16.193827590672495 111.57787388687719 -1.5273896
16.1938275892223 111.57787388746101 -1.5889394
16.19381477423155 111.57787259665969 -1.57477
16.193801945322072 111.57787131021868 -2.0457866
16.193757091188004 111.57786678651617 -1.5145417
16.193718623271412 111.57786291542759 -1.8007598
16.193712215259044 111.57786226859693 -1.6845437
16.193705800925887 111.5778616242416 -1.8318962
16.19368657038102 111.57785968574684 -1.7181122
16.193667336638153 111.57785774792112 -1.7011529
16.193660926679822 111.57785710180444 -1.6731244
16.193660927319875 111.57785710154674 -1.6459597
16.19359680953612 111.5778506401605 -1.61264
16.19359680979606 111.57785064005586 -1.6016083
16.193577570241807 111.57784870176121 -1.6838223
16.19351985247185 111.57784288351156 -1.7957168
16.19350061350008 111.57784094271224 -1.7723134
16.193500613264305 111.57784094280719 -1.7823197
16.193468549555888 111.57783770643962 -1.6615762
16.193468539182074 111.57783771061634 -2.101837
16.193423653370647 111.57783317590699 -1.749171
16.193417238083377 111.57783252908669 -1.8251832
16.193417241053897 111.57783252789068 -1.6991168
16.193397998152456 111.57783058639347 -1.8410103
16.19339158598435 111.57782993810187 -1.7842584
16.19338518048504 111.57782928799968 -1.5229189
16.193359520452848 111.57782669868052 -1.7819337
16.193359519914825 111.57782669889714 -1.8047665
16.193340281202648 111.57782475383928 -1.7373371
16.19332745497388 111.5778234570605 -1.7145969
16.193314626686306 111.57782216092154 -1.7835923
16.193314629288373 111.57782215987386 -1.6731648
16.193308216112534 111.57782151134516 -1.6684537
16.19329538919106 111.57782021486237 -1.7279673
16.193288974995763 111.57781956660912 -1.7709037
16.193288977000243 111.57781956580205 -1.6858373
16.19328255629169 111.57781892012746 -2.0068278
16.19328256455026 111.57781891680224 -1.6563505
16.193263324503384 111.57781697063176 -1.6931173
16.193224856379633 111.57781307236945 -1.315233
16.19322484853034 111.57781307552989 -1.6483378
16.193218432700064 111.5778124274863 -1.7836852
16.19321843342205 111.57781242719561 -1.7530462
16.19317995406298 111.577808531852 -1.9572774
16.19314149074293 111.57780463033959 -1.7181215
16.1931350763382 111.57780398129177 -1.8336344
16.19311584493769 111.57780202922406 -1.7013654
16.193115842564506 111.57780203017961 -1.8020755
16.193109430991043 111.57780137988243 -1.8127172
16.19310302227393 111.57780072840954 -1.706159
16.193070962376687 111.57779747725365 -1.9284536
16.19301326825021 111.5777916188259 -2.0726337
16.19301327070752 111.57779161783645 -1.9683555
16.192994042965534 111.57778966312259 -1.9388374
16.192987629272732 111.5777890133152 -2.1281383
16.192962000003064 111.57778640370681 -1.8573309
16.1929555913932 111.57778575276453 -1.9393734
16.192929956461388 111.57778314574924 -2.061979
16.192910733830168 111.57778118815295 -1.9933223
16.1928658788959 111.57777662283065 -2.2730536
16.192853072899226 111.57777531442197 -1.9868525
16.19283384850141 111.577773358009 -2.2572584
16.19282104175501 111.5777720499553 -2.068681
16.192795422013056 111.57776943646626 -2.0378437
16.192769795028127 111.57776682655253 -2.4651487
16.192744187955462 111.5777642083655 -2.1196086
16.192724978841394 111.57776224740037 -2.1782668
16.19271217502251 111.57776093911706 -2.1443374
16.192699370935454 111.57775963006249 -2.0700731
16.19268643026076 111.57775839300456 -2.0775723
16.19267364497685 111.57775707530557 -2.12811
16.192667254369375 111.57775641539826 -2.055256
16.192660860648335 111.5777557568062 -2.1248918
16.192654466276192 111.57775509850363 -2.229559
16.192654470107545 111.57775509696087 -2.0669785
16.192648076222664 111.57775443849039 -2.1583056
16.192628896942903 111.57775246230207 -2.3748817
16.192622507532178 111.57775180215285 -2.3050437
16.192616123858404 111.57775113972663 -1.9987677
16.192590556222452 111.57774850363684 -2.2401657
16.192590557702616 111.57774850304084 -2.1773553
16.1925841652738 111.57774784480186 -2.3169894
16.192545829877563 111.57774388560524 -2.2343783
16.192545831455693 111.57774388496978 -2.1674109
16.19251388916694 111.57774058625698 -2.1846042
16.192501112191074 111.57773926674784 -2.2026157
16.19243085025223 111.57773200911456 -2.2380075
16.19242445868519 111.57773135081115 -2.4021704
16.192398920412625 111.57772870935193 -2.1182988
16.192373375662196 111.57772607105102 -2.1378179
16.192347832920706 111.57772343302331 -2.1355488
16.192341442035453 111.5777227757852 -2.3649206
16.192335057021765 111.57772211625418 -2.348663
16.192309520131616 111.57771947902923 -2.3041124
16.19230313368204 111.57771882040927 -2.3621786
16.192258440499167 111.57771420766278 -2.361514
16.192220137022346 111.57771025549616 -2.2854927
16.192194603310938 111.57770762129624 -2.1642807
16.192143530686113 111.57770235919253 -2.2101855
16.192086078353338 111.57769644595413 -2.2552803
16.192079693281674 111.57769578983779 -2.3113086
16.192079695737796 111.57769578884869 -2.2070737
16.192054160186963 111.5776931634382 -2.2289267
16.192047776576704 111.57769250721636 -2.221869
16.192041393030518 111.5776918510665 -2.2116244
16.192041389174232 111.57769185261951 -2.375282
16.192028627723165 111.57769053834276 -2.113638
16.192015859972933 111.57768922699825 -2.1164432
16.19199032671654 111.57768660460248 -2.0155036
16.19197116736297 111.57768464265274 -2.326715
16.191964785500875 111.57768398750484 -2.2732477
16.19186263882716 111.57767352769878 -2.1915383
16.191856245325244 111.57767287851586 -2.554805
16.191843483767222 111.57767156973532 -2.1523743
16.191830712755443 111.57767026614215 -2.21993
16.1917732412189 111.5776644038025 -2.2626624
16.191766856629464 111.57766375245865 -2.1980317
16.191766854080285 111.57766375348538 -2.3062234
16.19174769295439 111.57766180316294 -2.4109735
16.19171576339026 111.57765855243936 -2.2645805
16.191690214883916 111.57765595616583 -2.3161962
16.191651890670354 111.57765206567096 -2.3370638
16.19163911781079 111.57765076857972 -2.1986225
16.19161356027738 111.57764818036891 -2.3624482
16.19159439372817 111.57764624009766 -2.4030244
16.191581612167266 111.57764494827791 -2.5372374
16.19157522889959 111.57764429950802 -2.2787752
16.191568841587106 111.57764365246543 -2.1864667
16.191543277898194 111.57764107108304 -2.373952
16.19153050020851 111.57763977929557 -2.2570724
16.19153050083299 111.577639779044 -2.2305677
16.1915241052581 111.57763913600408 -2.4490569
16.19152410809168 111.57763913486265 -2.3287895
16.191524109918856 111.57763913412661 -2.2512379
16.191504939379975 111.5776371990525 -2.1843739
16.191492156033476 111.57763591067304 -2.2367408
16.19149215315072 111.5776359118343 -2.3590956
16.191472977836177 111.57763398055329 -2.445076
16.19144102404405 111.57763076167437 -2.2632282
16.191441029418524 111.57763075950929 -2.0351145
16.191434634834707 111.57763011734815 -2.1261048
16.19142823588266 111.57762947703387 -2.396151
16.191421848512075 111.57762883262004 -2.2086887
16.191409163273406 111.57762745139702 -2.3139668
16.191396364403058 111.57762617935268 -2.236246
16.19138356356104 111.57762490895502 -2.259386
16.191281139244417 111.5776147597017 -1.9618969
16.19126833146662 111.57761349410666 -2.0181305
16.191261928200902 111.57761286113941 -2.0112798
16.1912619248856 111.57761286247516 -2.1519957
16.191236311664536 111.57761033261204 -2.1972284
16.191229911423655 111.5776096986711 -2.034459
16.19122991471954 111.57760969734315 -1.894568
16.191217104144503 111.57760843362233 -1.978654
16.1912171095006 111.57760843146428 -1.751319
16.191197886720374 111.57760653902965 -2.136063
16.19118507975122 111.57760527427956 -2.018292
16.19117227322308 111.57760400948403 -1.8619437
16.191153059017605 111.57760211476743 -1.8190072
16.191101807009616 111.57759706758686 -1.9945425
16.191095404778377 111.57759643503994 -1.8157173
16.1910697769464 111.57759391255877 -1.8620973
16.191050556130005 111.57759202072147 -1.8533239
16.19103133615045 111.57759012849867 -1.7726941
16.191031332361366 111.5775901300256 -1.9335155
16.19102493351127 111.57758949757729 -1.6906081
16.191018525042185 111.57758886756174 -1.7309391
16.191012116807922 111.57758823744254 -1.7579122
16.191005710549707 111.57758760651635 -1.6976892
16.190999303922545 111.57758697572655 -1.6498634
16.190980078858257 111.5775850853561 -1.707432
16.19097366775322 111.57758445630573 -1.837258
16.19095444886372 111.57758256321281 -1.5970985
16.19094163051937 111.57758130334591 -1.6672751
16.190935218892836 111.57758067483881 -1.8431131
16.19092881810478 111.57758004145495 -1.5158608
16.190909588245024 111.57757815171105 -1.64595
16.190909589481667 111.57757815121265 -1.5934638
16.190883953727877 111.57757563052212 -1.6575764
16.19087754173779 111.57757500135766 -1.7877852
16.190851908295052 111.57757247835724 -1.6708703
16.19083908898028 111.57757121762647 -1.7134944
16.19082627132217 111.5775699560156 -1.6796046
16.190819860092933 111.57756932609414 -1.7623696
16.190819864992694 111.57756932411924 -1.5544133
16.19081986363238 111.57756932466752 -1.6121478
16.19081345489991 111.57756869368208 -1.5875942
16.190813452590252 111.57756869461303 -1.685621
16.190800638572135 111.57756743251092 -1.6080409
16.190787821539974 111.57756616993852 -1.5321747
16.19078782035499 111.57756617041616 -1.5824676
16.190736548006527 111.57756111910999 -1.4226459
16.190710904804952 111.57755859449829 -1.6270969
16.190698087773914 111.57755732986314 -1.5337368
16.190691679454968 111.57755669733969 -1.4785326
16.190691680853767 111.57755669677582 -1.4191654
16.19068527064714 111.5775560648878 -1.4410866
16.190672447732293 111.57755480241384 -1.6376976
16.19065962399786 111.57755353943001 -1.82919
16.190646814442903 111.5775522703585 -1.420034
16.19063399091999 111.57755100653564 -1.6053456
16.190627581711386 111.57755037344857 -1.5904337
16.190627581940134 111.57755037335636 -1.5807254
16.190621169665 111.5775497414061 -1.6965624
16.19060835347307 111.57754847383296 -1.5755581
16.190595529859255 111.57754720979808 -1.8537706
16.190563489530202 111.57754403790372 -1.5698118
16.190544261362703 111.57754213503793 -1.5820576
16.190518625995512 111.57753959586437 -1.5658323
16.190512215475312 111.57753896133165 -1.6268106
16.19050580687132 111.57753832590575 -1.6081548
16.190505804195666 111.57753832698447 -1.7217101
16.190454532722036 111.57753324013416 -1.749451
16.190441722811865 111.57753196442265 -1.4807521
16.19041607669577 111.57752942057132 -1.9658725
16.190371230088303 111.57752495210727 -1.6593227
16.190364826353516 111.57752431181049 -1.4852035
16.19031997207705 111.57751983700219 -1.5421414
16.190313567037528 111.57751919654909 -1.4886833
16.190287941007846 111.57751663368882 -1.3954933
16.190275123946467 111.57751535298436 -1.5413721
16.190268717766248 111.5775147114556 -1.5198988
16.19026231022843 111.57751407032087 -1.5596566
16.19025590777975 111.57751342698009 -1.3870958
16.19025590636139 111.57751342755202 -1.4472895
16.190211061294228 111.57750893106757 -1.5304022
16.190204654398816 111.57750828826771 -1.5772814
16.190198249283043 111.57750764459138 -1.5526501
16.19017903789602 111.57750571148844 -1.3756564
16.190166227493524 111.57750442276358 -1.370701
16.190153413300195 111.57750313588339 -1.62455
16.190140604464407 111.57750184519554 -1.584338
16.190018949954904 111.57748953337303 -1.3558571
16.190018948049108 111.57748953414159 -1.4367359
16.189974157391518 111.57748495293298 -1.7363844
16.18991659300445 111.57747904364605 -1.5355049
16.18991019743559 111.57747838596171 -1.4999363
16.189897401974733 111.57747707189527 -1.6239848
16.189884612526537 111.5774757548208 -1.5083276
16.189865425817448 111.57747377915153 -1.471043
16.189859033000328 111.57747311968254 -1.3897524
16.18980146499696 111.57746718702991 -1.8434
16.18979507463304 111.57746652423157 -1.61298
16.189782292470504 111.57746520022951 -1.3416659
16.189775896574176 111.57746453974937 -1.3966779
16.189763102247397 111.57746321942179 -1.6242474
16.189743919717568 111.57746123435757 -1.6098888
16.189731140426314 111.57745990814713 -1.3530548
16.18971835159538 111.57745858384136 -1.3922915
16.189718350729812 111.57745858419042 -1.429025
16.189718348889556 111.57745858493254 -1.5071232
16.18969916735884 111.57745659687303 -1.5161067
16.1896863843998 111.57745526899897 -1.336366
16.189679987211708 111.5774546071888 -1.4931432
16.189673594133676 111.57745394360565 -1.478373
16.189622445146483 111.57744863266745 -1.6451219
16.18961605205371 111.57744796809801 -1.655424
16.189609664167936 111.57744730132387 -1.4472972
16.18959687557363 111.57744597308535 -1.6202247
16.189584094380493 111.5774446410068 -1.4513848
16.18955852479934 111.57744197856788 -1.4473919
16.189520167083664 111.57743798440279 -1.7309543
16.189507390408043 111.5774366482546 -1.4235471
16.189469041383052 111.5774326459394 -1.3943558
16.189430697191213 111.57742863836953 -1.1833713
16.189424305796216 111.57742797046599 -1.1834387
16.189411518177224 111.57742663636634 -1.3903248
16.189379560080795 111.57742329562146 -1.4746528
16.189353996547425 111.57742062121272 -1.4810672
16.189353996889537 111.57742062107476 -1.4665478
16.189347606467724 111.5774199515382 -1.4010205
16.18932204119475 111.57741727671947 -1.5040755
16.189296480728792 111.57741459964781 -1.4593717
16.189296476175567 111.5774146014839 -1.6526138
16.189283700574716 111.57741326032247 -1.3985311
16.18928369648987 111.57741326196967 -1.5718952
16.189283701006683 111.57741326014829 -1.380198
16.18924535856505 111.57740924199696 -1.2996415
16.18922618562965 111.5774072335773 -1.3779749
16.18920701288323 111.57740522435589 -1.4154612
16.18920701410679 111.57740522386248 -1.3635318
16.189200621543016 111.57740455473117 -1.4468393
16.18919422368258 111.57740388771003 -1.7553207
16.189149498965488 111.57739919411902 -1.4035863
16.18912393185977 111.57739651502331 -1.5723616
16.189091989582256 111.5773931612938 -1.2504716
16.189040863272307 111.57738780036097 -1.32244
16.189021689517713 111.57738579065251 -1.4044939
16.18902168751689 111.57738579145929 -1.4894134
16.188970563037564 111.57738043102162 -1.4931173
16.188964173612494 111.5773797605256 -1.4377922
16.188906654534712 111.57737373290675 -1.5125843
16.18889386931367 111.57737239504947 -1.6563122
16.188893870993923 111.57737239437198 -1.5849973
16.188830000254175 111.57736568897153 -1.6252987
16.188798025784223 111.5773623506403 -1.717224
16.188746875145462 111.57735700912562 -1.4897281
16.188721295100038 111.57735434146349 -1.5331632
16.188657345397914 111.57734767830108 -1.6814744
16.188638161564537 111.57734567993293 -1.6292274
16.18862536438925 111.57734435080565 -1.8878771
16.18861258115193 111.57734301735115 -1.6330642
16.18860618569415 111.5773423520546 -1.64738
16.18857421217225 111.57733902533765 -1.549639
16.188574208107735 111.57733902697635 -1.7221537
16.188567815640425 111.5773383609947 -1.6058731
16.18854862489872 111.57733636897215 -1.819936
16.188503861728222 111.5773317185202 -1.6933051
16.188478282076638 111.57732906330418 -1.61992
16.18847188166227 111.57732840197215 -1.8341875
16.188427118942 111.5773237608332 -1.741745
16.18842072509472 111.57732309770174 -1.6751136
16.18838234447045 111.57731912831005 -2.0161974
16.188324793600778 111.57731317382677 -1.6672539
16.18831839234576 111.57731251551827 -1.9137393
16.18829921044953 111.57731053298296 -1.765796
16.1882864240358 111.57730921096892 -1.5762659
16.188267236059364 111.57730723175982 -1.607174
16.18824805339915 111.5773052524961 -1.4948792
16.18819688328025 111.57729998632948 -1.8733618
16.188190492376314 111.57729932635746 -1.6843543
16.18817769534544 111.5772980129428 -1.953529
16.188152119566816 111.57729538076674 -1.7578251
16.18814572580733 111.57729472286769 -1.6927196
16.188088162487983 111.57728881566116 -1.9550676
16.188081768483432 111.57728815920623 -1.9053266
16.188037007267525 111.57728356960897 -1.7491719
16.188017825953892 111.57728160462146 -1.6676025
16.18799224122946 111.57727898917142 -1.8696414
16.18797945076927 111.57727768147251 -1.8911363
16.18796666603435 111.5772763720565 -1.6756034
16.187947475721366 111.57727441429917 -1.9187086
16.187941083404606 111.5772737606766 -1.8526748
16.187928292188495 111.57727245553897 -1.9214907
16.187921900269103 111.57727180169123 -1.8005333
16.187909102346485 111.5772705000906 -2.1588655
16.187883530451263 111.57726788889785 -1.8689451
16.187883529148756 111.57726788942303 -1.9242318
16.187864345537026 111.57726593437441 -1.9148448
16.18785795010544 111.57726528332881 -1.9514208
16.187851552557632 111.5772646332746 -2.0787044
16.187813190565112 111.57726072693156 -1.9129362
16.187813179959903 111.57726073120762 -2.3630862
16.187806794701473 111.57726007812336 -2.055949
16.187762033769808 111.57725552943502 -2.0845728
16.187762035727943 111.57725552864548 -2.0014572
16.187749248092928 111.57725422976665 -1.9679543
16.1877492400048 111.57725423302789 -2.3112657
16.187698094977737 111.57724904065005 -1.9815942
16.187698099116943 111.57724903898102 -1.8058994
16.187691695108427 111.57724839491853 -2.2308557
16.187653340707662 111.57724450568931 -1.884963
16.18764694171995 111.57724386051514 -2.1035833
16.187602177357963 111.57723933632656 -2.4462407
16.187563795860598 111.57723543131105 -1.9823258
16.18755101193658 111.57723414450544 -2.0584545
16.187531838919853 111.57723221404343 -2.0577085
16.187531838201927 111.57723221433294 -2.0881822
16.187525440422885 111.57723157381326 -2.3771682
16.187519055183028 111.57723092835316 -2.1347187
16.187512668218 111.5772302837036 -1.966286
16.187506269907434 111.57722964374297 -2.2802002
16.18750627079514 111.577229643385 -2.2425196
16.187487105833796 111.57722771256678 -1.9568217
16.187480709076542 111.57722707194247 -2.1671505
16.187474329623434 111.57722642492719 -1.6840103
16.187467935140198 111.5772257840794 -1.8394535
16.187455150738447 111.57722450133652 -1.9986725
16.18744236907878 111.57722321741801 -2.0031133
16.18736567656659 111.577215523889 -2.245789
16.187365677404042 111.57721552355123 -2.2102406
16.187352899426106 111.57721424120697 -2.1065722
16.187346510034015 111.57721360008067 -2.0517125
16.187340114198605 111.57721296163328 -2.270369
16.18732733745667 111.57721167895278 -2.0738866
16.187295384334206 111.5772084781056 -2.059013
16.187250647109938 111.57720400090894 -2.1456401
16.187193134654198 111.57719824652573 -1.9774164
16.187167563363094 111.5771956942154 -2.3000896
16.187154785802758 111.57719441601427 -2.1940885
16.187129219527602 111.5771918631316 -2.3231168
16.18711004907523 111.57718994627224 -2.1578014
16.187097268433337 111.57718866945157 -2.1238284
16.18709087033329 111.57718803398045 -2.4150794
16.187078093649312 111.57718675523994 -2.1654468
16.187065309693327 111.57718547948518 -2.2164237
16.187026960727113 111.57718165159753 -2.2219324
16.187020571764922 111.57718101264355 -2.1102123
16.187014176084453 111.57718037641027 -2.2821307
16.186982219229588 111.57717718665934 -2.202741
16.186969437072236 111.57717591102794 -2.1747127
16.18696943382755 111.57717591233698 -2.3124495
16.186943868590213 111.577173361432 -2.2739
16.18689912483668 111.57716889725684 -2.1854117
16.186899124015962 111.57716889758798 -2.2202513
16.186879944744053 111.57716698549957 -2.2917256
16.186879941645504 111.57716698674976 -2.4232602
16.186860767321736 111.57716507301788 -2.308553
16.186847979593548 111.57716379872333 -2.3995557
16.186847978133155 111.57716379931259 -2.4615502
16.186835199578045 111.5771625212181 -2.1538858
16.186835194197357 111.57716252338918 -2.382299
16.186828807336468 111.5771618833267 -2.1223369
16.18681602028617 111.57716060849347 -2.1610029
16.186816016593493 111.57716060998344 -2.3177595
16.186803227185184 111.57715933597858 -2.446734
16.186777646938282 111.57715678813837 -2.7352076
16.18672011538471 111.57715104492159 -2.332226
16.186713722675552 111.57715040648955 -2.2705984
16.186713729174258 111.57715040386711 -1.9947217
16.186668960606127 111.57714594157954 -2.3353662
16.186643386666443 111.57714338768646 -2.161218
16.18662420104276 111.5771414728773 -2.1469634
16.186611408251366 111.5771401977781 -2.2900507
16.18660501476792 111.57713955871503 -2.2129748
16.18658582657941 111.5771376442437 -2.2909524
16.18658582380928 111.57713764536165 -2.408548
16.18656024471217 111.5771350896728 -2.2479954
16.186534658121033 111.57713253579628 -2.3493185
16.186528262548745 111.57713189671234 -2.3212636
16.186521869325045 111.57713125660268 -2.190088
16.18648988499404 111.57712806364782 -2.3768916
16.186464301650417 111.5771255049834 -2.1911118
16.186457905400953 111.57712486527127 -2.1533256
16.186445109599347 111.57712358691917 -2.2071826
16.186425916717415 111.5771216683966 -2.2259958
16.186419519053967 111.57712102920402 -2.2669814
16.186419521603433 111.57712102817499 -2.1587522
16.18640031914234 111.57711911195041 -2.4998348
16.186393925885604 111.5771184701307 -2.2985427
16.186381126064354 111.57711719206104 -2.4902198
16.18637473019486 111.57711655101274 -2.3886726
16.18636833398634 111.57711591000559 -2.2977722
16.186329945366122 111.57711206647114 -2.1528797
16.186304352101033 111.57710950249582 -2.018284
16.186297968923018 111.5771088959397 -2.230252
16.18628517439882 111.57710760771681 -1.9796556
16.186272369968158 111.57710632211366 -2.0530896
16.18625956704539 111.57710503596569 -2.087501
16.18624036290421 111.57710310634641 -2.1403294
16.186221159173204 111.57710117514716 -2.1006348
16.186214759069003 111.57710053074727 -2.0313683
16.1861955523641 111.57709859950981 -2.0720465
16.18606109087018 111.57708506309716 -2.1911569
16.186041875649675 111.57708312761407 -2.286858
16.186003454209764 111.57707925188086 -2.1225302
16.18593939899763 111.57707279192098 -2.3306293
16.185932998476883 111.5770721438941 -2.161561
16.18593299105587 111.57707214689022 -2.4765902
16.185920187939264 111.57707085044575 -2.135685
16.185913782222475 111.57707020328913 -2.0963657
16.18589456166525 111.5770682646013 -2.2658095
16.185868939506907 111.57706567669048 -2.2514555
16.185856123208772 111.57706438385779 -2.4066155
16.18584972157093 111.57706373468876 -2.2031825
16.185824088276 111.57706114799826 -2.4944625
16.185798462973 111.5770585572536 -2.436545
16.185766432486282 111.57705531607381 -2.2039127
16.185734388401464 111.57705207853053 -2.4789374
16.185727979455727 111.57705143085823 -2.5312939
16.18570235093093 111.57704883654092 -2.406291
16.185676716264318 111.5770462436184 -2.500975
16.185625442408554 111.57704105792381 -2.8837435
16.185516497426683 111.57703001873033 -2.5079482
16.185401117976323 111.57701832660821 -2.7038996
16.18539470480755 111.57701767789185 -2.8293574
16.18534983770259 111.57701312633075 -2.6470242
16.185349837478533 111.57701312642122 -2.656535
16.185343422720386 111.57701247761489 -2.7987654
16.185324193379245 111.57701052644966 -2.7064438
16.185298554289464 111.57700792501107 -2.6077704
16.185272908434342 111.57700532542434 -2.7375855
16.18526649808452 111.57700467503568 -2.7212832
16.18520238859331 111.57699817409598 -2.8937967
16.18519597497092 111.57699752437799 -2.968361
16.185195971440205 111.57699752580369 -3.1182277
16.185170337764784 111.57699492083825 -2.7308462
16.185151106812302 111.57699296896513 -2.6473024
16.185144691812614 111.57699232021868 -2.8175101
16.18511263372309 111.57698906959448 -2.9469085
16.1850869914361 111.57698646781792 -2.9074378
16.185080586690695 111.57698581491017 -2.6406426
16.18507417133948 111.57698516628687 -2.8239932
16.18502929316967 111.57698061420312 -2.8658037
16.185022885677984 111.57697996244451 -2.716313
16.18501649838114 111.5769792976166 -2.6909964
16.185016494032585 111.57697929937261 -2.8755727
16.185003674453263 111.57697799934219 -2.72959
16.184965200642765 111.57697410269787 -2.6957982
16.184939549418367 111.5769715064917 -2.8090444
16.18493955432273 111.57697150451123 -2.6008797
16.184926727406868 111.57697020678467 -2.696367
16.184869016458478 111.57696436375937 -2.7321956
16.184753603283106 111.57695268128798 -2.8483586
16.18474078465103 111.57695138158755 -2.6637213
16.18472795955407 111.57695008507287 -2.798576
16.18465744021303 111.57694294658633 -2.676047
16.18463179668324 111.57694035237333 -2.7409039
16.184625384614005 111.57693970379013 -2.762474
16.184612561525057 111.57693840727985 -2.8491514
16.184599742784105 111.57693710916952 -2.760804
16.18459333531074 111.57693645988995 -2.6802893
16.18458692348988 111.57693581192365 -2.7462113
16.18457409839807 111.57693451766279 -3.0281641
16.184554875817874 111.57693256905164 -2.70951
16.18455487411482 111.5769325697394 -2.781791
16.184548462320915 111.57693192196962 -2.858721
16.184542051019683 111.5769312740826 -2.920537
16.184535640962167 111.57693062573583 -2.9322324
16.184529233505277 111.57692997638166 -2.8362422
16.184477960688508 111.57692478892241 -2.7670665
16.184477950815165 111.57692479290978 -3.1861048
16.184458726524504 111.57692284695413 -3.064103
16.184452314394786 111.57692220002266 -3.200477
16.18444591547317 111.57692154780331 -2.779258
16.184445914040857 111.57692154838175 -2.8400471
16.18443950766375 111.57692089921984 -2.7382436
16.184433095449286 111.57692025246212 -2.8871984
16.184413868896538 111.57691830839632 -2.9240782
16.184394645101598 111.5769163636449 -2.8717077
16.184324160509533 111.57690923697261 -2.930809
16.18431134593544 111.57690794127487 -2.9281425
16.184285709861438 111.57690535327959 -3.25679
16.184266496669004 111.57690340769737 -2.9908361
16.184240865993996 111.57690081894273 -3.185264
16.184189620194058 111.57689563757596 -3.0767283
16.18416399998568 111.5768930470614 -2.9934428
16.1841319744893 111.57688981162117 -3.099901
16.18411916420683 111.57688851726198 -3.1221013
16.18409354363204 111.57688592916608 -3.2092667
16.184087143922014 111.57688528007608 -3.009279
16.18408073792603 111.57688463357636 -3.0795937
16.18403591283799 111.57688010269138 -2.9539208
16.1840359091688 111.5768801041734 -3.1096394
16.1839782757125 111.57687428284882 -3.2485468
16.18396547474671 111.57687298764806 -3.0841994
16.183965474958836 111.57687298756237 -3.075197
16.183933461610078 111.57686975459887 -3.1682246
16.18392706303906 111.57686910630454 -3.0069196
16.183914258096674 111.57686781349368 -3.0659914
16.183907854982234 111.57686716717951 -3.107638
16.183901447730435 111.57686652210282 -3.2877412
16.18388224694653 111.57686458061431 -3.119996
16.183863044628367 111.57686263968834 -3.006641
16.183799026107966 111.57685617724819 -3.294035
16.183767026587084 111.57685294378241 -3.1434937
16.183741427731558 111.57685035795515 -3.085669
16.183670998383437 111.57684325307383 -3.1638086
16.183670994575298 111.5768432546122 -3.3254216
16.18366460416774 111.57684260654045 -3.1769602
16.183651813985225 111.57684131476711 -3.3249109
16.183645420271286 111.57684066809642 -3.3204896
16.183632638366706 111.5768393726982 -3.0895548
16.183626238451517 111.5768387286677 -3.357441
16.183607062397662 111.5768367871879 -3.1666815
16.18359426723335 111.57683549699331 -3.476705
16.183568698825386 111.57683290961722 -3.3147993
16.183479198588707 111.57682386058063 -3.30023
16.183453627238208 111.57682127523323 -3.2687173
16.183421658169877 111.57681804578134 -3.434911
16.1834152652956 111.57681739954415 -3.4279196
16.183402481143652 111.57681610647914 -3.34775
16.18339608307875 111.5768154618422 -3.515809
16.183389698550112 111.57681481325316 -3.2362204
16.18337051721649 111.57681287572815 -3.3182254
16.183364125116157 111.57681222921339 -3.2725048
16.183351338658294 111.57681093709851 -3.2736588
16.183344941100323 111.57681029227457 -3.4126754
16.183325758288234 111.57680835535588 -3.5340972
16.18331297751171 111.57680706144039 -3.3219373
16.18331297769337 111.57680706136699 -3.3142278
16.18326182856067 111.5768018948115 -3.4025385
16.183255437298843 111.57680124839634 -3.338052
16.183006019451536 111.5767760686565 -3.7295353
16.18299323302387 111.57677477446761 -3.4162383
16.182980433401962 111.57677348546646 -3.6458435
16.18296764125493 111.57677219329612 -3.5408185
16.182967643531512 111.57677219237611 -3.444198
16.182961241373924 111.57677154869269 -3.6432834
16.18293565004436 111.57676896705726 -3.7008557
16.182890864846794 111.57676444688578 -3.5654047
16.182884468009192 111.57676380055646 -3.4829214
16.18287806289922 111.57676315752599 -3.7466738
16.182871667991925 111.5767625103274 -3.5725312
16.18286526679918 111.57676186562384 -3.6602423
16.18282687321104 111.5767579919089 -3.5870633
16.18275007116277 111.57675024377276 -3.397647
16.18273085633118 111.5767483112132 -3.826854
16.182705252696913 111.57674572772883 -3.6839228
16.182666838645403 111.57674185361897 -3.6126719
16.182641224497395 111.57673927266033 -3.74111
16.182634824478207 111.57673862561651 -3.5901575
16.18255797016916 111.5767308788964 -3.690363
16.182551564374666 111.57673023343291 -3.7145236
16.182538754442582 111.57672894165914 -3.6765351
16.18242994918951 111.5767179495003 -4.1794643
16.182391452003415 111.57671407959637 -3.776997
16.182378611982152 111.5767127922195 -3.9282606
16.182372182777673 111.57671215218083 -4.389247
16.18236577693922 111.5767115026421 -3.8546357
16.18229516840953 111.57670441308032 -3.9122212
16.18229517246903 111.57670441143931 -3.7399406
16.182275909448617 111.57670247924148 -3.9458997
16.18224381166789 111.57669925507292 -3.939769
16.18223097910165 111.57669796245696 -3.6477816
16.18222455322682 111.57669732044695 -3.9474094
16.182173195429165 111.57669216014061 -3.9773297
16.182173195832405 111.5766921599776 -3.960217
16.182160354247653 111.57669087016612 -4.03406
16.182153940994592 111.57669022216153 -3.7510011
16.18214109889992 111.5766889323552 -3.846953
16.182134677439777 111.5766882880538 -3.9535508
16.182121845247774 111.57668699405583 -3.6318974
16.1821025750399 111.57668506121621 -4.044867
16.18205764622753 111.57668053778353 -3.7021387
16.182051219954445 111.57667989459573 -3.988154
16.181961360269796 111.57667084568723 -3.7885277
16.18189076024722 111.57666373137191 -3.8510153
16.18183300874424 111.57665790522451 -3.810052
16.18180092490546 111.57665466889668 -4.0107718
16.181794515371223 111.57665401862528 -3.754074
16.18174960696763 111.57664948524318 -4.0280457
16.181730353390783 111.57664754478024 -4.497385
16.181717533639812 111.57664624474964 -4.168517
16.181704711115813 111.57664494589947 -3.9867003
16.181691882468897 111.57664364958941 -4.0947304
16.18167905953838 111.57664235103836 -3.9908807
16.181666237258703 111.57664105229945 -3.8907182
16.18162776889778 111.57663715764748 -3.8862252
16.181621353052076 111.57663651034451 -4.09715
16.181621357596256 111.57663650850738 -3.9043336
16.181621347511093 111.57663651258466 -4.332261
16.181595717546887 111.57663391011401 -3.8434262
16.181595714431154 111.57663391137368 -3.9756308
16.181563668433224 111.57663066331767 -4.005275
16.181544443364853 111.5766287137201 -4.015684
16.181544449375007 111.57662871129025 -3.760668
16.181538033065248 111.57662806405891 -4.0659604
16.181531626199295 111.57662741352482 -4.020335
16.18149959317243 111.576624161316 -3.9183846
16.181486779388422 111.57662286071742 -3.9524298
16.1814611519857 111.57662025986426 -4.1270256
16.181390712314773 111.57661309650082 -3.919742
16.181339499936293 111.57660788490837 -3.9646683
16.181313891713803 111.57660528034846 -4.261301
16.181275492647835 111.57660137008975 -4.494331
16.181256302256614 111.57659941125532 -4.305308
16.18124351759796 111.5765981028223 -3.9200747
16.18121792608549 111.57659549461339 -4.136424
16.181198740711245 111.57659353569481 -4.0582757
16.18118595321853 111.57659222891431 -3.9414928
16.1811729712425 111.57659097541708 -4.176023
16.181160209629937 111.57658966187063 -4.0512958
16.181134689930687 111.57658703549934 -3.8990605
16.181121909598982 111.57658573018584 -4.689472
16.181115534550223 111.57658507152102 -4.459449
16.181102784365766 111.57658375439962 -4.031951
16.18109640503847 111.57658309763765 -4.012063
16.181090025603105 111.57658244097676 -4.006026
16.18106450672799 111.57657981536265 -4.119919
16.181051747040524 111.5765785034795 -4.279842
16.181038996871326 111.57657718700881 -3.9884536
16.181019864459554 111.5765752168222 -4.0157194
16.181013486646172 111.57657456018246 -4.0412936
16.180987981761962 111.57657193159919 -3.9464095
16.180987980641284 111.57657193205235 -3.993962
16.180962475984412 111.57656930424925 -3.9993775
16.180956088213303 111.5765686521265 -4.5093193
16.180936963190465 111.57656668055445 -4.447219
16.18093697101771 111.57656667738941 -4.1150875
16.180930594122025 111.57656602108139 -4.187206
16.180917850753815 111.57656470585385 -4.026542
16.180898727163886 111.57656273468494 -4.0053234
16.180879593778418 111.57656076793792 -4.4427986
16.180809488652258 111.57655353988507 -4.2003036
16.180796745741826 111.57655222539482 -4.089222
16.18077125575378 111.57654959769148 -3.9899058
16.180752135799963 111.57654762835458 -4.035701
16.180739383310545 111.5765463180731 -4.32283
16.180720270416234 111.576544346571 -4.087915
16.180713895920963 111.57654369188047 -4.24116
16.180688409027105 111.57654106567959 -4.1031075
16.180650167582044 111.57653713135939 -4.2945857
16.18059918210633 111.57653188647643 -4.343552
16.18057369577339 111.576529262746 -4.079696
16.180560939027938 111.576527956356 -4.4880676
16.180529071264935 111.57652468120261 -4.4256787
16.18052270135741 111.57652402479192 -4.2469697
16.180509957228374 111.5765227138061 -4.0599494
16.180503581808274 111.57652205971493 -4.1022215
16.18049720424522 111.57652140748301 -4.311458
16.18049083205236 111.5765207521445 -4.2074127
16.18048445415387 111.57652009914196 -4.340626
16.180471706331755 111.57651879047636 -4.293691
16.1804653290539 111.5765181373052 -4.3850656
16.180446201223916 111.57651617584881 -4.4157543
16.180427079065826 111.57651421328954 -4.2337017
16.18041432998326 111.57651290511163 -4.09588
16.18039519842503 111.57651094619213 -4.173851
16.18037606468467 111.57650898838607 -4.2851033
16.1803696900868 111.57650833448459 -4.1670566
16.18034417832674 111.57650572496392 -4.22718
16.18028676488688 111.57649985833193 -4.305753
16.1802676243046 111.57649790514482 -4.372898
16.18026124730862 111.57649725249425 -4.214182
16.180235723178317 111.57649464854411 -4.169409
16.180184659549006 111.57648944779329 -4.290682
16.18018466021137 111.57648944752536 -4.2625685
16.180120809480073 111.57648295522876 -4.304273
16.18010803246144 111.57648165959775 -4.468619
16.17998024911567 111.57646870989468 -4.115501
16.17997385030795 111.57646806619987 -4.3680434
16.179961066811117 111.57646677355922 -4.274886
16.1799290834713 111.57646355056545 -4.752737
16.17987802276027 111.57645834932967 -4.7440495
16.179871624236593 111.57645770571749 -4.4407134
16.17986521356843 111.57645706652413 -4.5985622
16.17983318573266 111.5764538609566 -4.178256
16.179833179277576 111.5764538635683 -4.4522486
16.179801135485576 111.57645066315594 -4.294324
16.17978831233462 111.57644938515625 -4.377557
16.179781911913533 111.57644874209923 -3.9666338
16.179781902432303 111.57644874593544 -4.3690705
16.179775486470763 111.57644810866682 -4.5642185
16.179769078018754 111.57644746834187 -4.427678
16.17976906992798 111.5764474716155 -4.7710958
16.179730594409634 111.57644363930899 -4.7366996
16.179698530727467 111.5764404454751 -4.3964996
16.179672862896783 111.57643789681798 -4.620076
16.179672868897917 111.57643789438971 -4.3653603
16.17957659925822 111.57642834133195 -4.3496885
16.179557336454412 111.57642643333662 -4.406355
16.179525229067334 111.57642325389855 -4.4134154
16.179467420113113 111.57641753589992 -4.525283
16.179460998385487 111.5764168997679 -4.4249845
16.179441723156803 111.57641499525621 -4.4987698
16.17943529819277 111.57641436031267 -4.501728
16.17942245071347 111.57641309078846 -4.500956
16.179396748422683 111.57641055144109 -4.471178
16.179383896549762 111.57640928187249 -4.4411106
16.179383895904095 111.57640928213378 -4.468513
16.179377468580306 111.5764086478631 -4.5012326
16.179345335832313 111.57640547445938 -4.3937845
16.17933247807468 111.57640420675507 -4.5008054
16.179332474771325 111.57640420809194 -4.640999
16.179229613759972 111.57639406167173 -4.6372366
16.179203896709122 111.5763915252863 -4.5819597
16.17919746949652 111.57639089051519 -4.490914
16.179184610500275 111.5763896217547 -4.4096575
16.179165311535442 111.57638772210959 -4.663704
16.179120300567668 111.5763832818859 -4.430396
16.179113865138415 111.57638264950663 -4.6051087
16.179094573947925 111.57638074604938 -4.4747043
16.179055986820924 111.57637694059905 -4.4045453
16.178953077724813 111.57636679038303 -4.4603195
16.178927349236144 111.57636425221075 -4.553825
16.178920918636837 111.57636361684696 -4.504973
16.178920917673025 111.57636361723709 -4.5458694
16.178895188040613 111.576361078379 -4.6712894
16.178895190939752 111.57636107720549 -4.548276
16.178888758951743 111.57636044223854 -4.5658593
16.17886946644692 111.57635853574165 -4.4834633
16.178869465689004 111.57635853604843 -4.515622
16.17885659572203 111.57635726824704 -4.8236136
16.17878585335816 111.57635027637274 -4.9568906
16.17877943362982 111.57634963590516 -4.501822
16.178772996803467 111.5763490032576 -4.8546147
16.178773005643038 111.57634899967938 -4.4795628
16.178727992788012 111.57634454562277 -4.609382
16.17872156298632 111.57634390896679 -4.6202035
16.178599408518327 111.57633181728305 -4.6768613
16.178592983984583 111.57633117689103 -4.6309786
16.178573712138935 111.5763292549687 -4.468893
16.178567289965144 111.57632861404599 -4.394404
16.17856086352576 111.57632797531068 -4.5487437
16.17854800988721 111.57632669615035 -4.749277
16.178496625716903 111.57632156640796 -4.5688396
16.178490205132796 111.57632092412148 -4.478686
16.178483775966633 111.57632028529275 -4.7608304
16.178425993631365 111.57631450320116 -4.322046
16.17840030956011 111.57631193403459 -4.464183
16.178368210944498 111.57630871979241 -4.5788937
16.178368207664466 111.57630872112034 -4.71804
16.17834254287523 111.57630614533659 -4.504645
16.17831687418711 111.57630356960212 -4.4916053
16.178252717358514 111.57629712458369 -4.5775404
16.178252717023767 111.57629712471922 -4.5917406
16.17818217184677 111.57629002382872 -4.700739
16.178169353609185 111.57628872954005 -4.5170937
16.178150120079888 111.5762867906719 -4.5871534
16.178137304956127 111.57628549521566 -4.383425
16.177951538446397 111.57626669849061 -4.5601473
16.177945137808905 111.57626604849827 -4.5218644
16.177932336007125 111.5762647488015 -4.5036907
16.17793233427348 111.57626474950347 -4.577231
16.17792593743849 111.57626409804695 -4.413713
16.17791313780576 111.5762627985927 -4.4566426
16.17790674061562 111.57626214735922 -4.3443227
16.177893942218706 111.57626084708372 -4.3666897
16.177887540462525 111.57626019729896 -4.4437947
16.17788113830364 111.57625954818872 -4.590499
16.177804382612806 111.57625173324195 -4.3511934
16.17777240267598 111.57624847756117 -4.679692
16.17772766509548 111.57624390719064 -4.1858025
16.1777084864681 111.57624195167607 -4.4210186
16.177670150764783 111.57623803340888 -4.332697
16.17765736807412 111.57623672835396 -4.491982
16.177657369648724 111.57623672771633 -4.425187
16.177638203880953 111.57623476781579 -4.460974
16.177638207256877 111.57623476644874 -4.317767
16.17763182182964 111.57623411243354 -4.25903
16.17763182167646 111.57623411249557 -4.2655277
16.17760627121538 111.57623149798468 -4.314601
16.177580728278702 111.57622888207615 -4.307058
16.17752326714033 111.57622299353191 -4.40784
16.177497738386172 111.576220374161 -4.369581
16.177478597768427 111.57621840834163 -4.2536387
16.177472215640858 111.57621775361818 -4.2907386
16.177402031232464 111.57621054757621 -4.6135073
16.177370148757436 111.57620726541407 -4.27287
16.177363772580094 111.57620660957798 -4.2686367
16.177351022526057 111.57620529615548 -4.1104426
16.17730633840018 111.57620071299405 -4.091796
16.17729359559995 111.57619939948395 -4.1741586
16.177280855363293 111.57619808513134 -4.1826096
16.1772808433223 111.57619809000795 -4.6934395
16.17726174497287 111.5761961154275 -4.380984
16.177255380590957 111.57619545614537 -4.179438
16.177249011071755 111.57619479899162 -4.2038836
16.177229902793453 111.57619282770183 -4.312509
16.177210800775978 111.57619085429857 -4.2238345
16.17717259709762 111.5761869090718 -4.264126
16.177172599052824 111.5761869082799 -4.181174
16.17715986303085 111.57618559351457 -4.256619
16.17712166946652 111.57618164629119 -4.173301
16.177115303772318 111.57618098853784 -4.1777687
16.177058011075463 111.57617507218116 -4.5921383
16.17705165565153 111.5761744111606 -4.2504754
16.177051652764753 111.57617441232988 -4.3729587
16.177032562288534 111.57617243786073 -4.2793765
16.176994370626083 111.57616849428975 -4.648883
16.17698164760776 111.57616717700887 -4.4790244
16.176968921972737 111.5761658608953 -4.428905
16.176949830944324 111.57616388808434 -4.4874063
16.17694347250311 111.57616322842868 -4.289589
16.17687347873509 111.57615599546644 -4.432563
16.176854394658488 111.57615402127273 -4.267673
16.17684166743325 111.57615270807672 -4.432173
16.176816217090632 111.57615007842166 -4.42808
16.176771676244947 111.57614547906917 -4.5611386
16.1767207803729 111.57614022033147 -4.268455
16.176714416966472 111.57613956365994 -4.284529
16.17670169104543 111.57613825001394 -4.2724295
16.176695323603955 111.57613759551666 -4.4933457
16.176695326874448 111.57613759419166 -4.354555
16.176688966679542 111.57613693629487 -4.225271
16.176682591076037 111.57613628417663 -4.7070966
16.17665714665327 111.57613365478974 -4.3468184
16.176644418152136 111.57613234249995 -4.39525
16.17663169902454 111.57613102743615 -4.113032
16.176618967644394 111.57612971642878 -4.2560925
16.176606235848666 111.57612840560535 -4.3985796
16.176606233993148 111.57612840635713 -4.4773264
16.1765935097146 111.57612709257474 -4.287965
16.176587144993004 111.5761264367472 -4.296627
16.176561688215426 111.5761238131707 -4.237893
16.176555320090067 111.57612315877313 -4.3684206
16.176523494126492 111.5761198809684 -4.3242273
16.176517125594405 111.57611922678231 -4.441498
16.176491667349044 111.57611660366041 -4.1810827
16.176485289184246 111.57611595340424 -4.6789885
16.17641525966237 111.57610874937266 -4.3312936
16.176408887940344 111.57610809652586 -4.4783397
16.17639615372272 111.57610678708964 -4.359597
16.176383413098645 111.57610548024122 -4.483865
16.17637067721862 111.57610417145882 -4.3771806
16.17635157060596 111.57610220938736 -4.278697
16.176326082737194 111.57609959823796 -4.563198
16.176300594781083 111.57609698749769 -4.7613997
16.176281491423467 111.57609502388365 -4.2560897
16.176256001515767 111.57609241319732 -4.2568984
16.176256000838638 111.57609241347171 -4.28564
16.17623687933344 111.57609045695393 -4.362267
16.176230498200873 111.57608980772594 -4.6802783
16.176166760491796 111.57608328627408 -4.3370566
16.17616038420479 111.5760826349166 -4.3440914
16.17615400649777 111.57608198411717 -4.4014587
16.17615400673247 111.57608198402205 -4.391496
16.17613486988298 111.576080033026 -4.6616383
16.17609660999282 111.57607612491327 -4.339791
16.176058402651368 111.57607219317012 -4.3639317
16.176020089456447 111.5760683058108 -4.430517
16.176007316751278 111.57606701048718 -4.4349375
16.176007320963816 111.57606700877979 -4.256117
16.175988155460452 111.57606506917159 -4.5352435
16.175981776087117 111.57606441904188 -4.232451
16.17598177368667 111.57606442001483 -4.334349
16.17596260647998 111.57606247979898 -4.4740505
16.175956219205354 111.57606183227547 -4.422659
16.175949831778276 111.57606118430206 -4.3264427
16.175917884424432 111.57605795101671 -4.358674
16.175911492187062 111.57605730529143 -4.4419694
16.175866749820266 111.5760527829331 -4.58048
16.17585396756489 111.57605149002059 -4.47008
16.175847574552208 111.57605084475878 -4.5193377
16.175828400481414 111.5760489053012 -4.2711754
16.175815605227637 111.5760476172332 -4.5851445
16.17581561139689 111.57604761473246 -4.323255
16.17580921556581 111.57604696991582 -4.3881993
16.175783635051513 111.57604438913874 -4.4238725
16.175770842446653 111.57604310043995 -4.559759
16.175732464918056 111.57603923039962 -4.4651155
16.175719662492412 111.57603794457033 -4.8133082
16.1757132680889 111.57603729859329 -4.662937
16.175706875637044 111.57603665174464 -4.416514
16.17570047652168 111.57603600759577 -4.4460588
16.17570046980247 111.57603601031963 -4.7312956
16.175694076208533 111.57603536389117 -4.5164485
16.1756876773454 111.57603471955717 -4.515317
16.17568767040383 111.57603472237119 -4.8099933
16.17567487711385 111.57603343177928 -4.5896482
16.17566207808455 111.57603214334509 -4.57351
16.17565568592354 111.576031496083 -4.238578
16.17564928312304 111.57603085309121 -4.345558
16.175610870746688 111.57602699243425 -4.5971045
16.17552123421017 111.57601798249476 -4.320039
16.175508422319826 111.57601669712909 -4.4025207
16.17539950290002 111.57600577181314 -4.5562043
16.175348242039576 111.57600062876108 -4.1279964
16.175322593487838 111.57599806271244 -4.445379
16.175316181838475 111.57599742088063 -4.4860344
16.17529694927712 111.57599549412566 -4.4645653
16.175219998140115 111.57598779168886 -4.703727
16.175175100324022 111.57598329902183 -4.814813
16.175168694034856 111.57598265386834 -4.4784265
16.17511096212721 111.57597687766864 -4.5499854
16.175104546488836 111.57597623587102 -4.5601087
16.175072468126757 111.57597302625715 -4.544963
16.175027550591818 111.5759685340536 -4.6638427
16.175021135811008 111.57596789131533 -4.5783715
16.175014721974417 111.57596724814978 -4.4487376
16.175008294145265 111.57596661061403 -4.909028
16.174989049715254 111.57596468235232 -4.6463995
16.174963384248713 111.57596211265802 -4.4580398
16.17493128952086 111.5759589048123 -4.6922574
16.174912041603385 111.57595697743923 -4.5378156
16.174809338750265 111.5759467035111 -4.667898
16.174777225571955 111.57594350915866 -4.6618686
16.17475797467415 111.57594157688563 -4.497239
16.1746039296834 111.57592612565509 -4.6012187
16.174559001994034 111.57592161513003 -4.472495
16.174558992442424 111.5759216190038 -4.877878
16.174514068700528 111.5759171064979 -4.6389256
16.174501233983914 111.57591581668152 -4.5374856
16.174494816248124 111.57591517190724 -4.5039573
16.17448198122341 111.57591388310982 -4.5017047
16.174379295990537 111.57590356629596 -4.2540593
16.17437930156941 111.57590356403328 -4.0172963
16.174347210151456 111.57590034062066 -4.105655
16.174340789614327 111.57589969685391 -4.2245855
16.174302281835928 111.57589582805133 -4.3258276
16.174257363922703 111.5758913129496 -4.3332973
16.174218865560235 111.57588744092075 -4.2213717
16.174199618167016 111.57588550435176 -4.126568
16.174154696643228 111.57588099116467 -4.513586
16.174148288894433 111.5758803425278 -4.167571
16.174141867676838 111.57587969937363 -4.3963356
16.174109788282774 111.57587647309177 -4.4567833
16.17410337896639 111.57587582524093 -4.200526
16.17408412756445 111.57587389130762 -4.4448986
16.17403281512464 111.57586872688026 -4.3404675
16.17394943057523 111.57586033730263 -4.58118
16.173917367158438 111.5758571095689 -4.580085
16.173872491182813 111.57585258652502 -4.15959
16.173859666128923 111.57585129597908 -4.2228236
16.173859666815694 111.57585129570049 -4.1936812
16.173853251614872 111.57585065157883 -4.3456454
16.173853255784575 111.57585064988744 -4.1687083
16.173840423875134 111.57584936335904 -4.631584
16.173776325182697 111.57584290452469 -4.282509
16.173769914380433 111.57584225924388 -4.309667
16.173744275754014 111.5758396767809 -4.273101
16.17373145735899 111.57583838549493 -4.245679
16.17373145311147 111.57583838721794 -4.425915
16.173725039246587 111.57583774351575 -4.6151223
16.17371863519411 111.5758370959214 -4.3956504
16.173686589639424 111.5758338695285 -4.488205
16.173680173301555 111.57583322677141 -4.7801
16.1736225093605 111.5758274166959 -4.6009
16.173590464689706 111.57582419439309 -5.046645
16.17357125477735 111.57582225462532 -4.6370683
16.17355203770534 111.57582031834097 -4.579627
16.173552038282843 111.5758203181067 -4.555122
16.173507183292877 111.57581580852441 -5.2505417
16.173475174871854 111.57581259294841 -4.7485356
16.173455967535936 111.57581065160937 -4.457936
16.1734559614387 111.575810654083 -4.716653
16.173449563239537 111.57581000554899 -4.464111
16.173443156506192 111.57580936054843 -4.579199
16.17343035688973 111.57580806562717 -4.278723
16.1734239478274 111.57580742178803 -4.509193
16.173404742671124 111.57580548274069 -4.3799615
16.173391931253644 111.57580419300817 -4.606126
16.173372726146646 111.57580225458508 -4.517468
16.173321504906035 111.57579709064768 -4.738066
16.173315095947885 111.57579644807537 -5.0584655
16.173283103442667 111.5757932152225 -4.5252423
16.17327669806288 111.57579257168987 -4.7271266
16.173212698487312 111.57578611948068 -4.7900605
16.17317430843022 111.57578224899251 -4.7347193
16.173174315978738 111.5757822459297 -4.414424
16.173167912044377 111.5757816032689 -4.6485987
16.173148719681862 111.57577966792888 -4.558888
16.173135922220087 111.57577837918261 -4.6345515
16.173129529268763 111.57577773259828 -4.435256
16.173110338221843 111.57577579881331 -4.4274993
16.173097542029662 111.5757745106282 -4.513873
16.17309114284848 111.5757738671114 -4.611115
16.173071954867716 111.5757719332242 -4.528982
16.173046369057364 111.57576935672547 -4.57135
16.173046374886415 111.57576935436018 -4.324013
16.173039978058064 111.57576871061588 -4.3636694
16.17301439304001 111.57576613562108 -4.47695
16.173007998503167 111.57576549140413 -4.445324
16.172976028413867 111.57576227205325 -4.372484
16.17290569580925 111.57575519377788 -4.325896
16.172816199318554 111.57574619417495 -4.3962483
16.1727970273539 111.57574426549222 -4.2728148
16.172790633278282 111.57574362416197 -4.3857827
16.17278424388441 111.57574298101908 -4.3045316
16.172752288192626 111.57573977159231 -4.455303
16.172745899988904 111.57573912848468 -4.349641
16.172739510463146 111.5757384859989 -4.3043327
16.17265644747644 111.57573014093167 -4.053931
16.172624490709445 111.57572693921406 -4.5737195
16.172605335869076 111.5757250110459 -4.0921474
16.172573384775237 111.57572180963827 -4.4797215
16.172567002321756 111.57572116642572 -4.238179
16.17252229066821 111.5757166813705 -4.225169
16.17248396580308 111.5757128386981 -4.2592535
16.17247757977673 111.57571219789156 -4.213914
16.172432867975033 111.57570771784104 -4.3812304
16.172394556056044 111.57570387552425 -4.1425076
16.172388164788252 111.5757032371826 -4.316773
16.172381781952186 111.57570259595217 -4.176018
16.172375393203023 111.57570195717419 -4.2885513
16.17236900778903 111.57570131757484 -4.302261
16.172362616846435 111.57570067978848 -4.512485
16.17234346266042 111.57569875915367 -4.3654113
16.172317928858735 111.57569619784464 -4.0627303
16.17227961177943 111.5756923623245 -4.2378945
16.17227960875576 111.57569236355216 -4.366208
16.172260447635992 111.57569044786159 -4.6290665
16.172260455734364 111.57569044457347 -4.2854004
16.1722604528897 111.57569044572847 -4.4061184
16.172241297904822 111.57568852689712 -4.342359
16.172215724510277 111.57568590799765 -4.519535
16.172209346414434 111.57568527071899 -4.3080325
16.172196579889725 111.5756840004448 -4.327451
16.172151898604437 111.57567955455988 -4.364616
16.172145507619653 111.57567892320226 -4.7510724
16.172145518245877 111.5756789188873 -4.3001223
16.172119989168273 111.575676378412 -4.2925787
16.17209445995006 111.57567383700926 -4.215186
16.1720689212999 111.57567129936302 -4.5454493
16.17205615833066 111.57567002787465 -4.4412713
16.17204339777056 111.57566875581064 -4.2748685
16.172037011238874 111.57566812204261 -4.4365206
16.17199233305292 111.5756636736489 -4.3889084
16.17196041288234 111.57566049798099 -4.6407547
16.171934891029526 111.57565795075425 -4.2191906
16.171922123185308 111.5756566795702 -4.2921143
16.17185829163739 111.57565031812432 -4.3805933
16.17184552316017 111.57564904550769 -4.445631
16.171832758561173 111.57564777097326 -4.3382416
16.17176891869713 111.57564139996984 -4.4251685
16.171749767496557 111.5756394861949 -4.358781
16.171736998496463 111.57563821036545 -4.3629475
16.17169868365596 111.57563438331923 -4.6473675
16.171692307948298 111.5756337423853 -4.3765826
16.171679540917285 111.57563246358329 -4.2458835
16.17164761095724 111.57562926926744 -4.386398
16.17160930338275 111.57562542803952 -4.082923
16.17153266054487 111.5756177408091 -4.2703815
16.1715071112474 111.57561517372058 -4.258209
16.17145601070311 111.57561003345245 -4.22211
16.171430456935273 111.57560745969437 -4.179291
16.171392118918693 111.57560359644688 -4.2807794
16.171385732627986 111.57560295053221 -4.136733
16.17133461419359 111.57559778804887 -4.028837
16.1713154366424 111.57559585149235 -4.192192
16.17125791978248 111.57559002728138 -3.9597776
16.171251524723193 111.57558938069644 -4.0750685
16.171245132750173 111.57558873313154 -4.0941505
16.171232350961716 111.57558743552723 -3.942866
16.17123234121601 111.57558743948788 -4.3565254
16.171200386350634 111.57558419189917 -3.8919556
16.171193986482557 111.57558354536548 -4.159867
16.171193990079622 111.5755835439036 -4.0071883
16.17116840971983 111.57558094785995 -4.209296
16.171149235895154 111.57557899391759 -3.8134284
16.171110858804198 111.5755750926433 -4.151623
16.171085280876976 111.57557248388066 -3.901342
16.17107888558351 111.57557183159705 -3.868279
16.171053301450186 111.57556922197298 -3.841622
16.171046907448623 111.57556856904519 -3.804366
16.17102131179589 111.57556595922875 -4.1017427
16.17098293111048 111.57556203284891 -3.8264477
16.17098292297241 111.57556203615648 -4.171875
16.17092537963544 111.57555621512974 -3.7086883
16.170842139270338 111.57554760222612 -3.7680438
16.170816523087133 111.5755449477735 -3.813103
16.170816522669707 111.57554494794314 -3.8308208
16.170739662470577 111.5755369701535 -3.734217
16.170682003800106 111.57553097712646 -3.7103481
16.17067559520758 111.5755303113771 -3.770913
16.17064996403383 111.57552764575325 -3.8266978
16.170643553771697 111.5755269800485 -3.9344678
16.170637149686534 111.5755263117137 -3.7754478
16.17060511264835 111.575522976542 -3.7393959
16.170605112903303 111.57552297643839 -3.7285745
16.170598707415035 111.57552230800604 -3.6023471
16.17058588804067 111.57552097424801 -3.6934466
16.170457698666407 111.57550761698879 -3.5865843
16.170355116544712 111.57549692961605 -3.9223795
16.170323065687846 111.57549358588898 -3.5897346
16.170316655793837 111.57549291702651 -3.504365
16.170310239343905 111.57549225083214 -3.6950064
16.170297413915453 111.57549091539627 -3.7498152
16.170233293762735 111.57548423659041 -3.6237729
16.1702140576697 111.57548223402323 -3.5951304
16.170175582171684 111.57547823141142 -3.640678
16.17016275749985 111.57547689758366 -3.6386812
16.170111445349836 111.57547156829735 -3.9987333
16.17004731570899 111.57546490944227 -3.9487774
16.170015257707245 111.57546158074935 -3.624983
16.170008840691093 111.57546091752322 -3.790087
16.170008837573562 111.57546091878983 -3.922396
16.16997036538826 111.57545693108695 -3.7693233
16.16990624160567 111.57545029410963 -3.5336266
16.169874171577792 111.57544698324564 -3.7307851
16.169867760335336 111.57544632096388 -3.7046769
16.169867762056047 111.57544632026482 -3.6316516
16.169803635357223 111.575439706705 -3.6397417
16.16976516302601 111.5754357452223 -3.6003635
16.16973951298246 111.57543310895899 -3.737596
16.169630515966084 111.57542186869803 -3.5568573
16.169617691366106 111.57542056718658 -3.6910458
16.169611286238236 111.57541991380558 -3.457739
16.169502312011097 111.57540887225936 -3.7392957
16.16949590588175 111.57540822269421 -3.601192
16.16948949355726 111.57540757583153 -3.729172
16.1693613431049 111.57539463866696 -2.9999702
16.169361332058415 111.57539464263697 -3.4251864
16.169271644518602 111.57538562204404 -3.1251197
16.16927164001873 111.57538562387226 -3.3160717
16.169265232946763 111.57538498097105 -3.3461492
16.16923960954194 111.57538240897222 -3.298218
16.1692139815408 111.57537984078186 -3.4616544
16.169201170912142 111.57537855651277 -3.4474373
16.169149932118696 111.57537342433416 -3.4339266
16.16909870402395 111.57536829836691 -3.3512547
16.168951438820212 111.5753535944386 -3.4430351
16.168945036992 111.57535295561975 -3.4137173
16.168893833141848 111.57534785015241 -3.3586278
16.168881038938782 111.57534657150963 -3.0576687
16.16886822550722 111.57534530100997 -3.5858269
16.16886183523469 111.57534465926425 -3.162841
16.168842631097537 111.5753427479403 -3.3197262
16.168829839028778 111.57534147030745 -3.033278
16.168823439937157 111.57534083261379 -3.0055456
16.168778640749235 111.57533637315963 -3.1576867
16.168708272452665 111.57532935984295 -2.489995
16.168701869142282 111.57532872562754 -2.7552893
16.16868267835353 111.57532681503857 -2.720718
16.168663483807073 111.57532490542744 -2.7949533
16.16865068975575 111.57532363167142 -2.766317
16.168644285771204 111.57532299817035 -3.0931299
16.168637892001954 111.5753223595949 -2.9091327
16.168605910797655 111.5753191752239 -2.8090465
16.16859311832455 111.57531790152973 -2.776729
16.16856753069201 111.57531535560608 -2.866745
16.16853555066461 111.57531217195967 -2.8621395
16.16849717785421 111.57530835093338 -2.8250973
16.168452424249068 111.57530388908123 -2.4159436
16.168401265087976 111.57529879339612 -2.501048
16.168298958689668 111.57528859698353 -2.2789016
16.168292569845548 111.57528795706044 -2.1913984
16.16824144321468 111.57528284463652 -2.3499923
16.168235053129496 111.57528220496768 -2.3302226
16.168235056135774 111.57528220374532 -2.2026496
16.16821588393957 111.57528028484543 -2.1934328
16.16819670508617 111.57527836929792 -2.5585842
16.168190319103058 111.57527772771265 -2.3733337
16.16817754218989 111.57527644643521 -2.2157128
16.168145592838314 111.57527324538407 -2.1362362
16.167890005558437 111.57524758757019 -1.345905
16.1678836167812 111.57524694437645 -1.2650703
16.167838882657136 111.57524244512426 -1.1897844
16.167800534812017 111.5752385888863 -1.3539921
16.167774974559208 111.57523601303694 -1.0868434
16.167743012453077 111.5752327972914 -1.2864127
16.167730228898925 111.57523150972928 -1.2782874
16.167691883527528 111.57522764294208 -0.9621885
16.167672702675805 111.5752257117643 -1.1107838
16.16765352081977 111.57522378025206 -1.2738984
16.167640739183163 111.57522248961335 -1.100511
16.167576818361333 111.57521603845466 -0.72278696
16.1675704240343 111.57521539312033 -0.70431143
16.16756403005285 111.57521474804562 -0.7078747
16.167474504360978 111.5752057128068 -0.810614
16.16743613564959 111.57520183564624 -0.61382926
16.167391363895753 111.57519731340699 -0.65466684
16.16734658690285 111.575192788025 -0.57733864
16.16730180424306 111.57518826169489 -0.55214053
16.16727620557202 111.57518567680938 -0.7736954
16.167263409319922 111.57518438268055 -0.7245739
16.167250614467022 111.57518308769983 -0.59657085
16.167205810158322 111.57517856214774 -0.938183
16.16719941601436 111.57517791274469 -0.6929565
16.167173822145962 111.5751753229753 -0.51756006
16.16712901095738 111.57517079485952 -0.73577005
16.1671226129309 111.575170146294 -0.5952838
16.167116214148066 111.57516949797859 -0.48187324
16.167077843403174 111.57516565410243 -0.5798032
16.167071440211 111.57516500235376 -0.4387965
16.16704581897156 111.57516240069442 -0.38411638
16.167013787276055 111.57515914866522 -0.33710587
16.16698175104604 111.57515589853517 -0.44597602
16.166962530437644 111.57515394832562 -0.4655633
16.166924085594086 111.57515004686573 -0.3787626
16.16688563396641 111.57514614819412 -0.4705646
16.166872817680574 111.57514484806183 -0.41673088
16.166866411240555 111.57514419726897 -0.3090319
16.166853595760806 111.57514289681994 -0.1981756
16.16683436403239 111.57514094965917 -0.36540782
16.166802310090407 111.57513770555663 -0.6591449
16.166789495623775 111.57513640446922 -0.39452535
16.166661283249912 111.57512343517834 -0.5374796
16.166642045173013 111.57512149364044 -0.7113761
16.166609999706832 111.5751182516502 -0.19605899
16.16659076033411 111.57511631266713 -0.41795987
16.166558694591625 111.57511308174051 -0.6920884
16.166539465103718 111.57511114007936 -0.41631377
16.166507408057356 111.57510790982782 -0.34521294
16.16649458379673 111.57510661856833 -0.33914328
16.166488168096592 111.57510597453131 -0.4861932
16.166468932518953 111.57510403830693 -0.43337998
16.166411224217807 111.5750982362403 -0.34939724
16.166391984849707 111.57509630532549 -0.44037232
16.16637916956192 111.57509501415593 -0.03553486
16.1663663356459 111.57509373103107 -0.4212657
16.16634069484942 111.57509115520492 -0.047380865
16.166340689788022 111.57509115726477 -0.26215884
16.166334282069915 111.57509051308647 -0.10465054
16.16627014906508 111.57508409705936 -0.60057753
16.166212432561167 111.575078331825 -0.91507757
16.165968793580735 111.57505410073922 -1.7873354
16.165904709044717 111.57504774783463 -1.2816008
16.16587268295081 111.57504457212156 -0.58952785
16.165853450380364 111.57504267409928 -0.821291
