lat lon elevation
16.162133832163594 111.6011147039512 -4.6817703
16.162133822612624 111.60111466025822 -4.99556
16.16214027233067 111.60111407356581 -4.7849507
16.1621467263529 111.6011135084913 -4.4180374
16.162159597866996 111.60111221714558 -4.8386765
16.162198256294342 111.60110860682194 -4.182068
16.162243293956806 111.60110418926935 -4.836857
16.162249729362546 111.60110357438485 -4.8092403
16.1622497128675 111.6011034989215 -5.3512015
16.162256154045505 111.60110291292094 -5.1149025
16.162256156039042 111.60110292204119 -5.0494027
16.162269011764458 111.60110163575355 -5.3938136
16.162352507615402 111.60109323512621 -7.7912493
16.162410312173378 111.60108770803271 -7.242727
16.162506564641294 111.60107864529722 -4.995915
16.162724662709042 111.60105807734695 -0.23753306
16.16273098596138 111.60105737612295 -0.61965483
16.162794316903646 111.601051004579 0.23721468
16.16281962722465 111.60104845511218 0.6076125
16.162819633664217 111.60104848457198 0.819196
16.162844922572553 111.60104588436083 0.84261227
16.1628512361193 111.60104519948665 0.60123754
16.162851247599143 111.60104525200326 0.97841763
16.16289547972262 111.60104070226097 1.0689676
16.162901798135962 111.60104006025928 1.1422977
16.16290811453958 111.60103941582499 1.1981773
16.162914430969806 111.60103876941979 1.2412903
16.16302163938802 111.60102729916379 -1.4049482
16.1630405613049 111.60102534218241 -1.3812269
16.163059490262064 111.60102343301523 -1.0141078
16.163185621181754 111.6010105495308 0.28361896
16.163191934955005 111.60100994698108 0.6425285
16.163191934068575 111.60100994292735 0.61341405
16.16322346548029 111.60100673385928 0.9918942
16.16324237123084 111.60100474581817 0.7606287
16.163248673952584 111.60100408567529 0.7002034
16.163248657799077 111.6010040070159 0.13598612
16.163273857680583 111.6010013256745 -0.40967876
16.16328649474047 111.60100014433876 0.457241
16.16329280137915 111.60099949816751 0.49055994
16.163299088768625 111.60099876315935 -0.11520055
16.163299102499398 111.60099882594358 0.33572543
16.16329909829823 111.60099880673363 0.19775665
16.163349558695682 111.60099362865175 0.35295293
16.163349564771337 111.60099366122388 0.58616513
16.16336217477277 111.60099233133245 0.35879582
16.163362182891866 111.60099237324715 0.6591079
16.163368484706837 111.60099168272924 0.36120543
16.16338110252605 111.60099038066758 0.3257261
16.16339373072872 111.60098912924671 0.64699507
16.163406348163935 111.60098780821487 0.46472317
16.163412658265848 111.60098715390626 0.41559947
16.16341897480096 111.600986532061 0.5974058
16.163418987038007 111.60098658800797 0.9992269
16.16342530544922 111.60098596815968 1.1945785
16.16342529432495 111.60098591730058 0.82929915
16.16343159904785 111.60098523264514 0.55771476
16.163431615451145 111.600985307639 1.0963342
16.163431599962117 111.60098523203281 0.5540433
16.163444230266006 111.60098395797404 0.6894039
16.163450538064907 111.60098327720597 0.4416271
16.16346317439755 111.60098201874774 0.679295
16.163482107571642 111.60098000568418 0.124510825
16.1634821252691 111.6009800913827 0.7392877
16.16352635047934 111.60097555201051 0.51313704
16.163526344639322 111.60097552531315 0.3213912
16.16352635032187 111.60097555129065 0.5079668
16.163551649059258 111.60097302674694 0.8362393
16.163551644297947 111.60097300498136 0.67991424
16.16357061793174 111.6009710778324 0.6639053
16.16357696412408 111.60097053321957 1.3561045
16.16357694206194 111.60097043236807 0.6317669
16.163583268892722 111.6009697919826 0.6347709
16.163583263875122 111.60096976425454 0.436348
16.163589596415726 111.60096914745503 0.6066721
16.16358958085759 111.60096907154426 0.06219027
16.16359592336498 111.60096850177042 0.5675222
16.163602243075186 111.60096781522583 0.23356146
16.163602241334374 111.60096780726833 0.17640889
16.163608590114123 111.60096726017176 0.8404546
16.16361490559384 111.60096655224591 0.34812695
16.16362757440422 111.60096530642957 0.57737005
16.16362757854371 111.6009653253514 0.713271
16.163633911690255 111.60096468956581 0.73254895
16.16364657543987 111.60096338753027 0.5471993
16.163659249796012 111.60096213929172 0.7366356
16.16365924870869 111.60096213432165 0.70093936
16.163665593359124 111.6009615347622 0.96942896
16.163671916680332 111.60096082954162 0.47752333
16.163678259146913 111.60096021800508 0.6547769
16.163684596227537 111.60095957361513 0.5945314
16.163690941676663 111.60095896399943 0.7817671
16.16369094788095 111.60095899235817 0.985447
16.16371630393336 111.60095641404956 0.7049278
16.16371630275242 111.60095640865181 0.6661595
16.163722653416908 111.6009558050068 0.8847113
16.16372899290543 111.60095514661168 0.7076842
16.163754380839144 111.60095261277945 0.6922883
16.163773416470214 111.60095064334175 0.16025385
16.163773434563986 111.60095073083158 0.7879055
16.163779793810512 111.60095013234027 1.0219579
16.163786147933045 111.60094950650267 1.057162
16.163786135876443 111.60094945139745 0.66137964
16.16379248884791 111.60094881600382 0.62558067
16.163792492978427 111.60094883488244 0.7611728
16.163792493923964 111.60094883920404 0.7922117
16.163798836815026 111.60094815373161 0.3942496
16.16383063831905 111.60094506585857 0.8053331
16.16383065814548 111.60094515647388 1.4561621
16.163830639661487 111.60094507199406 0.8494002
16.163837000560797 111.60094444921968 0.88613766
16.163843360817253 111.6009438149314 0.8383446
16.163849722819005 111.60094318444648 0.8153563
16.163849721630747 111.60094317901567 0.77635044
16.163862470780263 111.60094202036377 1.4576981
16.163875185973705 111.60094068956607 0.8925215
16.163875182738394 111.60094067477964 0.7863201
16.163881549441985 111.60094004459279 0.75283194
16.16388155322729 111.60094006189286 0.8770871
16.1638879145552 111.60093940283771 0.633714
16.163907038131626 111.60093758063122 1.001274
16.1639134061418 111.60093694359315 0.90449435
16.163919776455895 111.60093630382693 0.786896
16.163938906288454 111.6009344487732 0.8794864
16.16395167160357 111.60093324211995 1.1446475
16.16395167235957 111.60093324557505 1.1694633
16.163958046752548 111.60093259331475 0.9473927
16.163958043733942 111.60093257951912 0.84830695
16.163958035320384 111.60093254106752 0.57213193
16.16396443486123 111.60093200367265 1.1718348
16.163970814517278 111.60093137497158 1.1125972
16.163976650752417 111.60093045601775 0.7973974
16.163976655032407 111.60093047557734 0.93788207
16.163976664482874 111.60093051876606 1.2480803
16.16398307690585 111.60092988607973 1.038764
16.163983082973083 111.60092991380704 1.2379124
16.163995912166452 111.60092865440816 0.85429144
16.164002329967527 111.60092803244238 0.71413064
16.16401518699226 111.6009268726859 1.0307283
16.164015182508983 111.6009268521972 0.8835697
16.16401518361251 111.60092685724038 0.91979194
16.164034460302613 111.60092504315236 0.8411753
16.16404089085109 111.60092445224713 0.9091264
16.164040891607236 111.60092445570274 0.9339462
16.164047323415865 111.60092386609578 1.0088199
16.164047320918034 111.60092385468053 0.92683035
16.164047321265734 111.6009238562695 0.9382432
16.164047320920332 111.600923854691 0.9269058
16.164060186356547 111.6009226704941 1.0337671
16.16406660187933 111.60092199288772 0.46963167
16.164073050293897 111.60092146633836 0.98735774
16.164073051659454 111.6009214725791 1.0321816
16.16407948740621 111.60092087899712 1.0669106
16.164079488004717 111.60092088173234 1.0865564
16.16408591790133 111.60092025261658 0.8644694
16.16409235905354 111.6009196751092 1.0102137
16.164092357501225 111.60091966801498 0.9592594
16.164098803295804 111.60091910744566 1.2244844
16.164118112789446 111.60091727732893 0.9407995
16.164118110966445 111.60091726899755 0.88095903
16.164143884766073 111.6009149005462 0.9886004
16.16415033091557 111.60091430828365 1.0098262
16.1641503271972 111.60091429128993 0.88776743
16.164150346029107 111.60091437735555 1.5059401
16.16418901367129 111.6009106971822 0.6850365
16.164201925467093 111.60090954692298 0.9457971
16.16420192333134 111.60090953716195 0.8756873
16.164214836902172 111.60090837525988 1.0467949
16.16421483309604 111.6009083578646 0.9218506
16.16421484854132 111.60090842845466 1.4288741
16.16422129373993 111.60090778889523 1.0910443
16.164221289126434 111.60090776780996 0.9395962
16.164227739905517 111.60090715002669 0.75660485
16.16422773974303 111.60090714928408 0.751271
16.16423420413422 111.60090659001554 0.98703086
16.1642341895479 111.60090651855995 0.47451535
16.16424065990708 111.60090598769142 0.9120284
16.164240661875468 111.6009059966877 0.9766458
16.164266493601694 111.60090359081596 0.68678343
16.164272957547645 111.60090300798582 0.74473435
16.16427941921171 111.60090241125066 0.7014923
16.164292344928057 111.60090122289046 0.6472584
16.16429235317931 111.60090126060298 0.91813755
16.1642923624005 111.60090130274865 1.2208589
16.164298820893652 111.60090067680007 0.96465814
16.164298811491967 111.60090063382928 0.65601
16.164305283219676 111.60090006951708 0.84070766
16.16430528348888 111.6009000707475 0.84954536
16.16430527991933 111.60090005443266 0.73235995
16.16430527988349 111.60090005426885 0.7311833
16.164318224338608 111.60089892031867 1.0588909
16.164318225005598 111.6008989233672 1.0807879
16.164337612605824 111.6008970647081 0.43150157
16.164344085064293 111.6008964843908 0.49479198
16.164344095827886 111.6008965383786 0.8818492
16.164357034308438 111.6008953480432 0.79098696
16.164357028980298 111.60089532368978 0.6160609
16.16435703562612 111.60089535406593 0.8342472
16.16435704807341 111.60089541095884 1.2428986
16.164376464040995 111.60089362700965 1.113027
16.164382930108403 111.60089299939392 0.8313089
16.164382926890696 111.60089298468648 0.72566766
16.164389401188156 111.60089239629727 0.7243137
16.16438940357419 111.60089240720339 0.80265075
16.1643958879736 111.60089185313925 1.0483772
16.164395881094716 111.60089182169703 0.82253194
16.164395875998867 111.6008917984048 0.6552269
16.164402352189818 111.6008912085029 0.6422069
16.16440883703589 111.6008906553827 0.8927196
16.164408836287773 111.60089065196318 0.8681575
16.16441531339551 111.60089006072928 0.84427124
16.16441531504312 111.60089006826031 0.89836586
16.1644152967048 111.60088997964665 0.26259017
16.16442178907801 111.60088946477512 0.78525037
16.16442827464618 111.60088890683905 0.9993711
16.16442827425014 111.60088890502878 0.9863681
16.164428276497386 111.6008889153008 1.0601511
16.164434749555834 111.60088829755223 0.8441097
16.164434757915814 111.60088833576535 1.1185912
16.16445419527143 111.60088654570588 0.9220742
16.164460677936844 111.60088596622371 0.97845596
16.16446716015114 111.60088537773464 0.97039896
16.16446715982292 111.60088537623432 0.9596223
16.164480118300737 111.6008841648802 0.6956021
16.164480119900556 111.60088417219318 0.748131
16.164480127577782 111.60088420728665 1.0002065
16.164486607456425 111.60088360102345 0.863559
16.16448661028208 111.60088361393994 0.95633775
16.164493093326975 111.60088301986121 0.9069699
16.164493089108948 111.6008830005799 0.76847255
16.16449308667925 111.60088298947338 0.6886946
16.164499581930773 111.6008824489431 1.0237558
16.16451254744474 111.6008812467827 0.8236462
16.16451254269902 111.60088122508886 0.66781914
16.164525526355153 111.60088009760337 1.0035274
16.16453850000082 111.60087891613851 0.95131093
16.164538492317323 111.6008788810147 0.6990151
16.16455146559894 111.60087768518972 0.5444407
16.164557962301206 111.60087714210275 0.8593548
16.1645644463183 111.60087652987036 0.67906046
16.16457742405038 111.60087535334453 0.66202587
16.164577422937302 111.6008753482561 0.6254752
16.164577418936613 111.60087532517522 0.46040964
16.164583917224796 111.60087477764316 0.74466276
16.16458391506053 111.60087476774918 0.67359334
16.164596895551583 111.60087358451587 0.6109716
16.16460338769656 111.60087299913707 0.6249039
16.164603384598777 111.60087298018335 0.48948348
16.164603387762348 111.6008729994378 0.6270641
16.164609876800558 111.6008723934874 0.49428678
16.164609878036067 111.60087240392757 0.56855357
16.164609878267225 111.60087240498434 0.5761445
16.164609883373544 111.60087242832849 0.7438285
16.16461635519869 111.60087174214961 0.03512199
16.16461636719901 111.60087179701083 0.42919782
16.16462287043912 111.60087126253782 0.80915755
16.164629370447127 111.6008707070415 1.0392559
16.164629353610795 111.60087062527889 0.45266867
16.164629355144022 111.60087063228835 0.5030187
16.164629356742566 111.60087064438842 0.5892091
16.16463584904826 111.60087004747193 0.52296174
16.164655329425266 111.60086828334109 0.5156588
16.164655334670464 111.6008683121132 0.7216079
16.164661824361346 111.60086770277837 0.5675594
16.164661822414978 111.60086768908778 0.46994358
16.164668324764246 111.60086714120447 0.75719523
16.164668323212993 111.6008671341124 0.7062514
16.164668326556168 111.6008671493969 0.8160431
16.164674815828146 111.60086653576217 0.63235307
16.164681310747074 111.60086594230059 0.59486836
16.164687810912888 111.60086537624915 0.75434506
16.16469429976551 111.60086476166796 0.5654427
16.16469430651883 111.6008647925439 0.7872319
16.164694300401862 111.60086476457732 0.5863413
16.164700785661626 111.60086412352432 0.209274
16.16470079519186 111.60086417188884 0.5559616
16.164707291933873 111.60086358715643 0.5835184
16.164707299503515 111.60086362176497 0.8321205
16.164713790154156 111.60086300825483 0.65377486
16.1647137857948 111.60086298353124 0.47690538
16.16472028437221 111.60086240537524 0.5533617
16.164726777940622 111.60086180347119 0.4601027
16.164733282244153 111.600861254636 0.7482279
16.164739779387876 111.60086066750785 0.76294094
16.164739772160395 111.60086062967014 0.49186817
16.164752765313786 111.60085944809543 0.47162876
16.164752771948834 111.60085948322487 0.72324795
16.164759276104864 111.60085892610715 0.95649695
16.164778755518977 111.60085709537609 0.5184795
16.16477875721926 111.60085710794303 0.6080257
16.16477875643743 111.60085709957555 0.5486458
16.164791745625426 111.6008559066683 0.45795503
16.164798250956004 111.60085535670666 0.74855673
16.16480474810124 111.60085476416586 0.735231
16.164824237512715 111.60085297553137 0.62365985
16.164837225581675 111.60085175497575 0.35443974
16.164843729240022 111.60085119569506 0.5871075
16.164843729142802 111.6008511952505 0.5839139
16.164869721595892 111.60084883714529 0.66258377
16.164882712974862 111.60084764049651 0.58384734
16.16490869194134 111.60084521428148 0.21097358
16.164915197973887 111.60084466238 0.5140378
16.164915201543987 111.60084468349905 0.66502
16.16492169799362 111.60084409264675 0.6893036
16.164921689134527 111.60084404734125 0.36457765
16.16492819073131 111.60084347590511 0.5306547
16.16492818923872 111.6008434690795 0.48162293
16.164928193086944 111.6008434914707 0.64174396
16.164928187079134 111.60084345920377 0.4106804
16.164934686564084 111.6008428785434 0.5121995
16.164947700336395 111.60084179116242 1.2508638
16.164954177028868 111.60084110780129 0.6198761
16.164960672632457 111.60084051150888 0.6161432
16.164967165486498 111.60083989847392 0.49468076
16.164967168482594 111.60083991696902 0.6268148
16.16497366232808 111.60083931392477 0.5782311
16.164973662289686 111.60083931374916 0.5769696
16.164986650721954 111.60083810839807 0.49141967
16.164986653340105 111.60083812516511 0.61114043
16.164993146375817 111.60083751584037 0.5238022
16.165006122798417 111.60083626513045 0.123143
16.165006132823557 111.60083631097858 0.4524976
16.165019117761485 111.60083511630941 0.46033114
16.165025609928875 111.60083451224932 0.41988337
16.165051584388237 111.60083213284878 0.54311067
16.165051582176922 111.60083212273534 0.47045922
16.16505158035999 111.60083211442554 0.41076458
16.16505807553325 111.60083152921453 0.5161105
16.16506456764196 111.60083093622335 0.56684256
16.165077545339667 111.60082970972695 0.3858503
16.165090528728445 111.6008285192049 0.47121242
16.165097017967593 111.60082791473448 0.45102295
16.165097014487767 111.6008278988188 0.3366896
16.165097020046982 111.6008279290391 0.55305624
16.165116488142502 111.60082612106167 0.54559314
16.165122960756413 111.60082544633177 0.029627502
16.165122976527993 111.60082551846786 0.54783297
16.165129463654143 111.60082491164509 0.52196926
16.165135951759332 111.60082431086536 0.5418082
16.1651359446984 111.60082427856968 0.30980462
16.165135950432692 111.60082430479754 0.4982185
16.165148926544653 111.6008231169234 0.64176637
16.165148924264315 111.60082310169909 0.5331253
16.165155408476576 111.60082248801046 0.4671897
16.165168382894645 111.60082129797156 0.6098807
16.165174863129565 111.60082066649166 0.4239488
16.165174869825638 111.6008207019139 0.67768764
16.16517486449883 111.60082067275471 0.468941
16.16518783075937 111.6008194512942 0.40092295
16.16519431026527 111.60081882676222 0.27137923
16.165194317681507 111.60081886547911 0.5487868
16.16520080079541 111.60081825454954 0.5201124
16.165200795308596 111.60081822945229 0.33981887
16.16520727690951 111.60081761832168 0.3114111
16.165213763613274 111.6008170324889 0.46718767
16.165220245785257 111.60081642791508 0.49079296
16.16522024424674 111.6008164208776 0.44023722
16.165220247305328 111.60081643486814 0.5407425
16.165226724716153 111.60081581053478 0.42487046
16.16523320289637 111.60081520078538 0.41494632
16.165233214770748 111.60081525989604 0.83886063
16.165233204430702 111.60081520780375 0.46536514
16.165246157041686 111.60081396362507 0.27776963
16.165259105676853 111.60081270558814 0.0012143105
16.165265592940624 111.60081213456861 0.28403878
16.16527227281425 111.60081175121292 0.3225628
16.165272279145213 111.60081178496817 0.5643301
16.16529166588399 111.60080989633786 0.4781013
16.165291664436623 111.60080988971693 0.4305374
16.16529812584256 111.6008092611055 0.41367006
16.165298118336402 111.6008092267686 0.16699749
16.165311048951057 111.60080801236779 0.44860816
16.165323970875225 111.60080676783855 0.5239712
16.165323971750745 111.60080677663868 0.586464
16.165323971479232 111.60080677539663 0.57754123
16.16533042064498 111.60080609802829 0.22387387
16.16533688867176 111.600805518991 0.5776588
16.165343364127224 111.60080497161954 1.1621432
16.165343345849454 111.6008048832106 0.5277468
16.1653433443393 111.6008048763022 0.4781174
16.165349798983772 111.60080423622225 0.39906317
16.165349797118544 111.60080422768952 0.33776486
16.165362713599738 111.60080298798054 0.47760642
16.165362714194544 111.60080299070158 0.49715418
16.165369161840477 111.60080232618738 0.24988712
16.165369166703556 111.60080234843447 0.40970874
16.165375621559292 111.6008017239563 0.45179093
16.16537562138478 111.60080172315796 0.4460557
16.165375618348722 111.6008017092689 0.34627748
16.16538206776161 111.60080105797294 0.198768
16.16538852723734 111.60080045530317 0.40296054
16.165407882556753 111.60079855279143 0.35139036
16.16540789264699 111.6007986037473 0.7167285
16.165427235894327 111.60079667376804 0.48803073
16.16542723385374 111.60079666443268 0.42096582
16.165440128761805 111.60079538892528 0.3597691
16.165472361516866 111.60079224561947 0.56903684
16.165491690438998 111.6007903236317 0.4645937
16.165491684257525 111.6007902953516 0.2614297
16.16549813480309 111.60078969805078 0.5418041
16.16550457167709 111.60078904103582 0.39523354
16.165517433237785 111.60078768427748 -0.199511
16.165517452090583 111.60078777052956 0.42012388
16.165523887122486 111.6007871136521 0.2805407
16.165536766275 111.6007858501181 0.36801815
16.165543202838133 111.60078520442283 0.31526646
16.165556069402356 111.60078390518927 0.15703766
16.165562513401422 111.60078330674558 0.4486853
16.16556251210904 111.60078330083279 0.4062076
16.165562514199642 111.60078331039755 0.474921
16.16556895018451 111.60078267822254 0.5260758
16.16560110392586 111.60077944157088 0.26428282
16.165607527407833 111.60077877445605 0.074287504
16.165626813552205 111.60077684499488 0.03345228
16.165639673373274 111.60077558766429 0.22204776
16.165665372341497 111.60077301923437 0.23091562
16.16566536713145 111.60077299539705 0.05966723
16.165671791502337 111.60077236702632 0.16311513
16.165678199442937 111.60077165758491 -0.31302196
16.16568463988646 111.60077109991045 0.30257362
16.165684627542024 111.6007710434312 -0.10317617
16.16569105484269 111.6007704286864 0.103831306
16.165703898735995 111.6007691594072 0.23612715
16.165710307389475 111.60076846855668 -0.09952834
16.1657167301262 111.60076784521897 0.05114674
16.16572314888406 111.60076720675801 0.094466805
16.165729568651418 111.6007665760002 0.1943947
16.16574239066739 111.60076524806499 -0.07989435
16.16574239037199 111.60076524671344 -0.089603916
16.165748809508106 111.60076462233681 0.059828363
16.165761630703642 111.60076330473849 -0.13239996
16.16576803812803 111.60076263606686 -0.2977385
16.165774460005743 111.60076203662427 0.035371102
16.16578086636045 111.60076136894423 -0.1205987
16.16578086965967 111.60076138403934 -0.012154289
16.16578087064444 111.60076138854502 0.020214818
16.165793693947837 111.60076011159606 0.13091086
16.165793684329017 111.6007600675865 -0.18525712
16.165793688290215 111.60076008571039 -0.05505365
16.165800092041057 111.60075941574225 -0.22443762
16.16581291608132 111.60075816078947 0.050243765
16.165812902793718 111.60075809999384 -0.386517
16.16581290893034 111.60075812807113 -0.18480739
16.165819313224123 111.60075746990061 -0.2665631
16.16581932036181 111.60075750255817 -0.03194861
16.165832122894372 111.60075616782545 -0.32488245
16.165838532021134 111.60075554107851 -0.17823146
16.165838515470327 111.60075546535244 -0.72225416
16.165838529308132 111.60075552866553 -0.26740742
16.165844942020858 111.60075492142778 0.020236313
16.1658449416202 111.60075491959462 0.007066764
16.165851338753015 111.60075424417374 -0.19430958
16.165851344908482 111.60075427233727 0.00801973
16.16585133577286 111.6007542305384 -0.29226696
16.165857745467594 111.60075361569244 -0.05767841
16.16586413551183 111.60075291403584 -0.44598055
16.165864144703523 111.60075295609131 -0.14385022
16.165889743126137 111.60075036876724 -0.11648339
16.16590254139284 111.60074908261944 -0.043813556
16.165902535717102 111.60074905665081 -0.23037472
16.165908934161695 111.60074841504726 -0.18257004
16.165908932807994 111.60074840885358 -0.2270661
16.16590895077673 111.60074849106721 0.3635649
16.16591533236911 111.60074777543512 -0.11988655
16.165915325448083 111.60074774376888 -0.3473801
16.165915329481116 111.60074776222147 -0.21481472
16.165921725664045 111.60074711641953 -0.19605109
16.165921720497163 111.60074709277914 -0.36588603
16.16592172143759 111.60074709708194 -0.3349743
16.16592811734254 111.60074645307724 -0.3027749
16.165934514149175 111.6007458162631 -0.21841739
16.165940912979828 111.60074519177033 -0.04506534
16.165947302550805 111.60074452796738 -0.15366952
16.165966475199646 111.60074257696937 -0.18731986
16.165966473590423 111.60074256960664 -0.24021444
16.165979249000877 111.60074124785565 -0.41118997
16.165998422212205 111.60073934522086 -0.09245725
16.166004812625317 111.60073871253789 0.025509741
16.166011190908936 111.6007380273578 -0.23345336
16.166011192203808 111.60073803328227 -0.19089127
16.16601757655551 111.60073737885814 -0.22870824
16.166023978884407 111.60073680967066 0.34599403
16.166023960148298 111.60073672394705 -0.26985464
16.166023961699203 111.60073673104296 -0.21887685
16.16603035446922 111.60073612109863 0.0631686
16.166036733089122 111.60073544938383 -0.098431006
16.16604311146892 111.60073477953341 -0.24653757
16.166062249131585 111.60073279922474 -0.48041308
16.166062261256215 111.60073285469831 -0.08188411
16.166081390606227 111.60073086272695 -0.39948508
16.16608777838457 111.60073025638552 -0.09128725
16.166100525494844 111.60072893555827 -0.25417453
16.16610052418727 111.60072892957585 -0.297153
16.16610690344843 111.60072829291829 -0.20706974
16.166106904524483 111.60072829784148 -0.17170091
16.16611328238092 111.60072765762199 -0.10735861
16.16611327922926 111.60072764320245 -0.21095052
16.166126035142756 111.60072637223561 -0.014760081
16.166138753498025 111.6007249404289 -0.9748745
16.166138774206473 111.60072503517392 -0.29421327
16.166145147866203 111.60072438992314 -0.26710558
16.16615150382193 111.60072366647505 -0.8020619
16.16618337364496 111.60072050282466 -0.22319767
16.166183380664403 111.6007205349394 0.007519409
16.166183374445634 111.6007205064878 -0.19688109
16.166189745420528 111.60071987275899 -0.0901286
16.16618974914316 111.60071988979045 0.032227978
16.166208849487372 111.60071792955614 -0.071627006
16.166221578468466 111.60071661815438 -0.17666426
16.166227945983678 111.60071598471508 -0.07074065
16.166227941590865 111.60071596461779 -0.21512264
16.16623430978442 111.60071533248636 -0.099665314
16.166234290979595 111.6007152464538 -0.71773654
16.166234302555534 111.60071529941399 -0.3372624
16.16624066854584 111.60071465982976 -0.2759242
16.16624066722437 111.60071465378401 -0.3193578
16.166240671901505 111.60071467518202 -0.16563123
16.16625339852308 111.60071337932119 -0.16468516
16.16625339901568 111.6007133815748 -0.14849472
16.16625340252128 111.60071339761292 -0.033274453
16.166266123527794 111.60071208640332 -0.1451424
16.16627248614203 111.6007114442977 -0.1050997
16.16628520750694 111.60071015002057 -0.099433884
16.166285205793734 111.60071014218276 -0.15574199
16.16629155893521 111.60070946431988 -0.37472808
16.166297924106644 111.60070884398938 -0.18114431
16.166297928798507 111.6007088654542 -0.02693746
16.16629792040503 111.60070882705486 -0.3028047
16.166297912422998 111.60070879053792 -0.5651484
16.1663042822987 111.60070819420999 -0.19989732
16.166310647495482 111.60070757894182 0.028494634
16.16631699541321 111.6007069000147 -0.20327151
16.166336048442094 111.60070488138474 -0.7671599
16.166336066644767 111.60070496465849 -0.16890669
16.1663360546193 111.60070490964428 -0.5641385
16.166348770514155 111.6007036393241 -0.40251327
16.16634876620511 111.60070361961117 -0.54413444
16.166348772429835 111.60070364808787 -0.33955282
16.16635512368983 111.60070298587117 -0.4544851
16.1663551264042 111.60070299828875 -0.36527482
16.166355122589074 111.60070298083546 -0.4906625
16.1663614819039 111.60070235780323 -0.32501993
16.166380545248042 111.60070043575685 -0.21426599
16.166380542166294 111.60070042165876 -0.31554928
16.166380545612377 111.60070043742354 -0.20229213
16.166386878429872 111.60069970234535 -0.8455142
16.16638689775992 111.6006997907742 -0.21022485
16.16638689072971 111.60069975861323 -0.44127527
16.166393241320524 111.60069910709176 -0.48522854
16.166393248152726 111.60069913834683 -0.26068625
16.1663995934453 111.60069846481935 -0.46376982
16.166405940379708 111.60069780101657 -0.59803987
16.166405948326872 111.60069783737197 -0.33685586
16.166412298585524 111.600697195397 -0.31606868
16.166412300713677 111.6006972051325 -0.246127
16.166412292081997 111.60069716564588 -0.52980644
16.166418649647248 111.60069655484824 -0.28542802
16.166418643899938 111.60069652855657 -0.4743125
16.166431346262854 111.60069525059025 -0.39315853
16.166431340276052 111.60069522320323 -0.5899123
16.166437688651925 111.60069457679091 -0.60474044
16.166437688393476 111.60069457560861 -0.6132342
16.16643769656646 111.60069461299634 -0.34463343
16.166444050433114 111.60069399380518 -0.16504423
16.16645039174768 111.60069332370185 -0.35306796
16.166450389383783 111.60069331288815 -0.43075582
16.16645673165936 111.60069264482384 -0.6046167
16.166456733868134 111.60069265492788 -0.5320273
16.16646308688908 111.60069203806484 -0.33923793
16.16646309702029 111.60069208440981 -0.00628601
16.166463077045126 111.60069199303389 -0.66274935
16.166469434985213 111.6006914007006 -0.29493755
16.166488457118724 111.60068939923232 -0.8114992
16.166494806740648 111.60068877676231 -0.66515535
16.16650115678569 111.60068815778698 -0.49491143
16.16652019195863 111.60068624490198 -0.39418504
16.166526531379304 111.60068558521219 -0.5217407
16.166532868904664 111.60068492751851 -0.6376697
16.166532864338382 111.60068490663113 -0.7877294
16.166532874340007 111.60068495238123 -0.45905033
16.166539216168417 111.60068430733965 -0.48406157
16.16653920364 111.60068425003158 -0.8957755
16.16654555053607 111.60068363437573 -0.71172446
16.16654555633901 111.60068366091967 -0.52102655
16.166551997125527 111.60068286859004 -0.6087234
16.166558331499136 111.60068223327414 -0.63172144
16.166558336338664 111.6006822554112 -0.47268385
16.166564665554258 111.60068159824755 -0.65407854
16.166571005183894 111.60068099043662 -0.4823479
16.1665836663468 111.60067969707092 -0.70171374
16.166583667948366 111.60067970439673 -0.6490835
16.166590000420413 111.60067906881869 -0.68113106
16.166590005232173 111.6006790908282 -0.5230097
16.166596339421552 111.60067846470359 -0.48856744
16.16659633917114 111.60067846355817 -0.4967964
16.16659633898433 111.60067846270368 -0.5029352
16.16660266407969 111.60067779655081 -0.7574885
16.166615326732778 111.60067652583491 -0.82837623
16.166621670706586 111.60067595055828 -0.434303
16.166621666549606 111.60067593154429 -0.5709042
16.166621662859406 111.60067591466533 -0.6921669
16.166627997600724 111.60067529860764 -0.5924848
16.166634314003687 111.6006746000894 -1.0866266
16.166634328571973 111.60067466672392 -0.6079074
16.166646992052325 111.60067341412426 -0.5627249
16.166646988754326 111.60067339903956 -0.6710973
16.16665331214656 111.60067273656354 -0.9104994
16.16665964664209 111.6006721261696 -0.7771208
16.16667863672579 111.6006702451984 -0.74357384
16.166678637384145 111.60067024820957 -0.7219409
16.166684963808677 111.60066960578295 -0.82421094
16.166684966607683 111.60066961858486 -0.73223835
16.16669129968449 111.60066900772827 -0.6090682
16.16669129426349 111.60066898293417 -0.7871961
16.166691297981895 111.60066899994106 -0.6650137
16.166691296399183 111.6006689927022 -0.7170198
16.166697622332755 111.60066835028799 -0.8219307
16.166697619857235 111.60066833896572 -0.9032731
16.166703960177284 111.6006677590269 -0.5600286
16.16670395998347 111.60066775814046 -0.5663971
16.16671028356797 111.60066711152409 -0.70487857
16.16671028814055 111.60066713243745 -0.55463076
16.16671660226265 111.60066643915847 -1.0290253
16.166722946971042 111.60066588675997 -0.49263346
16.166722929302466 111.60066580595111 -1.0731888
16.166722941030436 111.60066585959005 -0.6878304
16.166729271506355 111.60066524305736 -0.6135327
16.166729271261197 111.60066524193613 -0.6215881
16.166729278007644 111.60066527279147 -0.39991382
16.166735600288312 111.60066461970604 -0.5895516
16.1667355993425 111.60066461538034 -0.6206288
16.166735597083175 111.60066460504726 -0.69486487
16.166760894951466 111.60066205018761 -1.0549606
16.16676090832535 111.60066211135225 -0.615534
16.166767235361764 111.60066148860336 -0.5944488
16.166767240761384 111.60066151329806 -0.41703403
16.166773553338274 111.60066081635327 -0.9289489
16.166773547970617 111.60066079180493 -1.1053122
16.166773561492878 111.60066085364743 -0.6610152
16.16677356780348 111.60066088250824 -0.45366955
16.166773558945497 111.60066084199727 -0.74471384
16.16677988785051 111.60066022484499 -0.6853273
16.16677989060211 111.60066023742905 -0.59491915
16.16679253912622 111.60065896267044 -0.77060944
16.166798862835357 111.60065832370756 -0.87173104
16.166805191210752 111.60065771107797 -0.7855907
16.166805188273177 111.6006576976437 -0.88210726
16.166811515015073 111.60065707369694 -0.8778541
16.166817840867036 111.60065644620714 -0.9002975
16.16683682288617 111.60065458700093 -0.80787337
16.166836822532836 111.60065458538504 -0.81948245
16.166843149718733 111.60065396579385 -0.79007125
16.16684314561411 111.60065394702303 -0.9249279
16.166849477768913 111.60065335052747 -0.73079234
16.166849480987068 111.60065336524431 -0.6250608
16.1668494751112 111.60065333837359 -0.8181103
16.16686213099047 111.60065210744986 -0.7058498
16.166862125063805 111.60065208034715 -0.9005662
16.166881108275764 111.60065023377027 -0.7425019
16.166887432345238 111.60064960188862 -0.80964017
16.16688742478726 111.60064956732668 -1.057947
16.166887434758276 111.6006496129232 -0.73036313
16.166900067672543 111.60064828438459 -1.334103
16.16691905850974 111.60064647083152 -0.958636
16.166925377967626 111.60064581834898 -1.1805139
16.166925386678745 111.60064585818274 -0.8943309
16.166944376238693 111.6006440474703 -0.512925
16.166944366240156 111.60064400175031 -0.84139746
16.166944362800436 111.60064398602162 -0.9543994
16.166944364636652 111.60064399441804 -0.8940758
16.166944365640312 111.60064399900745 -0.8611036
16.166963347786567 111.6006421577525 -0.7093506
16.166963342595576 111.60064213401623 -0.87988275
16.166969666960636 111.60064150316101 -0.95381397
16.166969671024358 111.60064152174263 -0.8203152
16.16696967038255 111.6006415188079 -0.84139955
16.16698229856044 111.60064016238414 -1.6727877
16.166982311529274 111.60064022168419 -1.2467484
16.16698231111982 111.60064021981195 -1.2601995
16.16702028683753 111.6006365594321 -0.8404508
16.16702026992634 111.60063648210831 -1.3959832
16.16702028684676 111.60063655947434 -0.84014744
16.167026596483115 111.60063586248474 -1.3987305
16.167032937988804 111.6006353063066 -0.94592196
16.167039265262712 111.60063468413853 -0.96804297
16.167051923373503 111.60063345075314 -0.93585765
16.16705192630203 111.60063346414294 -0.83965826
16.167058256721152 111.60063285497459 -0.7711763
16.16705825197581 111.60063283327801 -0.9270559
16.16707089770241 111.60063154828379 -1.2722791
16.167077243102824 111.60063100558598 -0.7288378
16.167083566601953 111.60063036202044 -0.9109285
16.16710888834239 111.60062790671842 -0.79284436
16.16710889535884 111.60062793879749 -0.5623704
16.167108881378848 111.60062787488123 -1.0215803
16.167115216399708 111.60062727990955 -0.8586036
16.167115211938413 111.60062725951269 -1.005146
16.167121537665114 111.60062662555269 -1.1237218
16.167127869157785 111.60062600821689 -1.1223041
16.167127872046475 111.60062602142365 -1.0274191
16.167127870725952 111.6006260153864 -1.0707943
16.167165850179735 111.60062227773803 -1.3240052
16.16716585804409 111.6006223136919 -1.0656911
16.167178529060767 111.60062111769176 -0.79841375
16.167197515095598 111.60061920795032 -1.2320062
16.167203852383174 111.60061860826356 -1.1127383
16.167254536086567 111.60061369998348 -0.9762199
16.16725453218854 111.600613682164 -1.1042469
16.167273546308348 111.6006118516948 -0.9889011
16.16728621431233 111.60061058674997 -1.2350999
16.167286217114373 111.60061059955892 -1.1430715
16.167292547746417 111.6006099492952 -1.3946881
16.167298895734223 111.60060937674655 -1.0883911
16.167317912180003 111.60060752333865 -1.1474557
16.16731791112317 111.60060751850766 -1.182165
16.16732424996708 111.60060689743489 -1.2261571
16.167330585635963 111.60060626010979 -1.3873016
16.167381331450276 111.6006013770194 -1.1410768
16.167387674340226 111.60060075605293 -1.1875912
16.16738767095842 111.60060074059491 -1.2986535
16.167387676042352 111.60060076383324 -1.1316913
16.16739401838415 111.60060014722983 -1.1484348
16.1674067040808 111.6005988946835 -1.3188771
16.16740670699093 111.60059890798532 -1.2233063
16.16740670554325 111.60059890136814 -1.2708493
16.167419394302755 111.60059765510582 -1.397137
16.16741939162396 111.60059764286147 -1.48511
16.16743209421827 111.60059645159555 -1.2170584
16.16743209472998 111.60059645393446 -1.2002538
16.167444792535978 111.60059523238337 -1.150496
16.16748289142603 111.60059154523401 -1.1667407
16.167489235190672 111.60059089455159 -1.4294689
16.167501947021776 111.60058969302231 -1.2371496
16.167501947331324 111.60058969443715 -1.2269843
16.16751465391411 111.6005884685459 -1.2111851
16.167514655719742 111.60058847679859 -1.1518904
16.167521012408773 111.60058787367596 -1.0731176
16.16752736299994 111.60058724032932 -1.2115071
16.167527355595155 111.60058720648568 -1.4546697
16.167533714489117 111.60058660871697 -1.33743
16.167533715488283 111.60058661328365 -1.3046188
16.167533712629204 111.60058660021626 -1.3985066
16.167546425392942 111.60058537454007 -1.3805056
16.16754643140707 111.60058540202739 -1.183012
16.167546427302632 111.60058538326822 -1.3177947
16.167546426629446 111.60058538019148 -1.3399009
16.167552785589645 111.60058477551753 -1.2721853
16.167552786722784 111.60058478069645 -1.2349752
16.1675591420438 111.60058415695568 -1.3041999
16.167565498975918 111.60058353812865 -1.3380549
16.167565499350488 111.60058353984057 -1.3257549
16.167571859267127 111.60058293218907 -1.2792377
16.16757185960862 111.60058293374985 -1.2680237
16.167584571727993 111.60058167537092 -1.4841093
16.167590937438494 111.6005810867154 -1.3008072
16.167590940626003 111.60058110128341 -1.196137
16.167590937797467 111.60058108835604 -1.2890193
16.167597303005955 111.60058049488244 -1.1402116
16.167603654836185 111.60057985099955 -1.3554293
16.167603655757524 111.60057985521034 -1.325175
16.167603653916057 111.60057984679428 -1.3856441
16.16761001636813 111.60057923563471 -1.3636281
16.16762273934618 111.60057799680362 -1.4377493
16.16762910079813 111.60057737333743 -1.5036488
16.16762909967134 111.60057736818776 -1.540649
16.167635459736616 111.60057673577936 -1.6706064
16.16764183736083 111.60057618100174 -1.2425855
16.16764182442619 111.60057612188758 -1.6673193
16.167641825334403 111.60057612603832 -1.6374965
16.167648201598006 111.60057556241212 -1.272838
16.167667292386366 111.60057368195245 -1.5396019
16.16766730670083 111.6005737473719 -1.0695636
16.16767365231333 111.6005730330241 -1.7868701
16.16768639609504 111.6005718364427 -1.5529239
16.167686392978606 111.60057182220021 -1.6552564
16.167699128520443 111.6005705815473 -1.7374567
16.16769912936742 111.6005705854181 -1.709645
16.16770550523204 111.60056999134345 -1.560674
16.16771187885377 111.60056938870594 -1.4735616
16.167718243590357 111.60056874271066 -1.6976417
16.167718255490545 111.60056879709526 -1.3068864
16.16772462556407 111.60056817272839 -1.3752208
16.16773099434097 111.60056753966487 -1.5056856
16.167730994530384 111.60056754053046 -1.4994662
16.16774373975104 111.60056630552397 -1.5363436
16.167756485126922 111.600565055604 -1.6781698
16.167775616449564 111.6005632198547 -1.6065784
16.16778199604594 111.60056261375797 -1.5400691
16.16778838980916 111.60056206955787 -1.0283796
16.167794748540516 111.60056136241228 -1.6870104
16.167801129251774 111.60056075285486 -1.6439939
16.167801132818138 111.6005607691529 -1.5268909
16.167801131673297 111.60056076392107 -1.5644821
16.167801126877237 111.60056074200342 -1.7219626
16.167845678100715 111.60055649630145 -1.5816468
16.167845678955505 111.60055650020773 -1.5535797
16.16784567545953 111.60055648423175 -1.6683694
16.167858463365274 111.60055522819384 -1.7824436
16.167864862308434 111.60055462531562 -1.6590153
16.167877656032797 111.60055338300843 -1.6717937
16.167884049773317 111.60055274328577 -1.8107684
16.16789045322978 111.60055214510385 -1.6507045
16.167890449931203 111.60055213003001 -1.7590126
16.167890457797117 111.60055216597563 -1.5007372
16.167896852868367 111.60055152662359 -1.6359231
16.1679032532612 111.6005509087466 -1.6162399
16.167916056055812 111.60054967367539 -1.5702531
16.167922458390887 111.60054906064505 -1.5146908
16.167922448944037 111.60054901747496 -1.8248761
16.167922457106823 111.60054905477715 -1.5568528
16.16792885796518 111.6005484232851 -1.632033
16.167928855497674 111.60054841200913 -1.7130531
16.167948070429638 111.60054657025293 -1.5581921
16.16795447402685 111.60054594458093 -1.5898777
16.16795447484382 111.60054594831432 -1.5630524
16.167960878312634 111.60054532374669 -1.5868769
16.167960878920233 111.60054532652332 -1.5669261
16.167967283572953 111.60054470015866 -1.602403
16.16797368751966 111.6005440678245 -1.6801757
16.167973685706198 111.60054405953741 -1.7397205
16.167980096610236 111.60054345626382 -1.6080877
16.167980101564705 111.60054347890463 -1.4454082
16.168018546698207 111.6005397097439 -1.7172436
16.16805701593309 111.60053596850024 -1.7684034
16.168057023282092 111.60053600208371 -1.5270967
16.16808267791538 111.60053348144959 -1.7369463
16.16810193214609 111.60053163272967 -1.5888579
16.168108346230156 111.60053099175497 -1.7157315
16.16810835144174 111.60053101557098 -1.5446059
16.1681147646779 111.60053036824374 -1.7164884
16.168114750589172 111.60053030386065 -2.1791012
16.168121176564245 111.6005297119709 -1.9519224
16.16812118438295 111.60052974770112 -1.6951894
16.168127605884354 111.60052913323132 -1.6297047
16.16812760238336 111.60052911723238 -1.7446624
16.168127597917042 111.60052909682199 -1.8913176
16.1681340265959 111.60052851271664 -1.6070145
16.16814042326991 111.60052777993296 -2.3903737
16.168146868975157 111.60052726880816 -1.5803981
16.168153280140952 111.60052659745124 -1.921101
16.168159713537037 111.60052602530651 -1.5482866
16.168172555984906 111.60052476269547 -1.6509023
16.16817255881092 111.60052477561004 -1.5581067
16.16817897517082 111.60052411857097 -1.7933501
16.168198243774203 111.60052222730526 -1.9220998
16.16820467899772 111.60052164729817 -1.601246
16.168204676071877 111.60052163392733 -1.6973205
16.16821109755067 111.60052098438504 -1.8747835
16.168217535249134 111.6005204111961 -1.5036373
16.168249669441423 111.6005172685729 -1.6268319
16.168268955210845 111.60051538746421 -1.6617625
16.16828181387985 111.60051412823644 -1.7185978
16.168288242405527 111.60051348512663 -1.8420023
16.168288247698403 111.60051350931512 -1.6681978
16.16830754305215 111.60051162562509 -1.7084672
16.168326845432357 111.60050976096443 -1.6068631
16.168346147290965 111.60050787206634 -1.6728513
16.16834614419701 111.60050785792666 -1.7744513
16.168346146945037 111.6005078704854 -1.6842111
16.16835258140237 111.60050723938025 -1.7154788
16.16835901918597 111.60050662161795 -1.6502175
16.168359019622038 111.6005066236108 -1.635898
16.168359024575437 111.60050664624842 -1.4732363
16.168359009181938 111.60050657589835 -1.9787339
16.168371893629125 111.60050537545425 -1.594181
16.16840407667457 111.6005022148208 -1.7676239
16.16840407953274 111.60050222788315 -1.6737645
16.16841693483549 111.60050086965512 -2.4138362
16.16842339459204 111.60050033475221 -1.7466699
16.168423396435614 111.60050034317776 -1.6861281
16.168429835436815 111.60049971176637 -1.7117733
16.168436277490457 111.6004990926725 -1.6482625
16.168455593962584 111.60049718598631 -1.8095158
16.168455596333214 111.60049719682077 -1.7316649
16.16845559657567 111.60049719792885 -1.7237027
16.168462031169806 111.60049653840477 -1.948117
16.16846203752496 111.60049656744971 -1.7394141
16.16846847570262 111.60049592276752 -1.8565372
16.168468479535616 111.6004959402855 -1.7306616
16.16846847890713 111.60049593741314 -1.7513009
16.168468480242595 111.60049594351662 -1.7074443
16.1684813566378 111.60049465876715 -1.9079455
16.168487802412336 111.60049404401758 -1.8079752
16.16848780556317 111.60049405841796 -1.7045008
16.16850066098536 111.60049266004927 -2.7162218
16.168500649141624 111.600492605919 -3.1051764
16.168507126738078 111.60049213707492 -1.9556332
16.168513579884127 111.60049154612163 -1.6815243
16.168532899821415 111.60048959798588 -2.1168518
16.168545798073723 111.60048838070162 -1.8191452
16.168565142586967 111.60048652542466 -1.5777402
16.16856514123731 111.60048651925607 -1.6220652
16.168571586366745 111.60048587998351 -1.6894617
16.168578037051628 111.60048526938954 -1.5508341
16.168578031118216 111.60048524227066 -1.7456988
16.16857803367847 111.60048525397242 -1.661615
16.168590920228336 111.60048396602517 -1.8628641
16.168590924327482 111.60048398476056 -1.7282393
16.168603815268934 111.600482707858 -1.8469613
16.16863606240967 111.60047958723636 -1.618207
16.16864249834619 111.60047890287231 -2.004147
16.16866185442306 111.6004770466993 -1.7406236
16.168681199424842 111.60047514038996 -1.8331765
16.16868765064632 111.60047451502872 -1.7902279
16.168694100553395 111.60047389180573 -1.7326676
16.168700555293608 111.60047328089205 -1.5847071
16.16870054871314 111.60047325081395 -1.8008374
16.168707006125796 111.60047265132832 -1.5701632
16.16871990469511 111.60047137577413 -1.657331
16.168739253556303 111.60046946165542 -1.7893158
16.168739254534184 111.60046946612523 -1.7571974
16.16873925914656 111.60046948720797 -1.605704
16.16874570771273 111.60046884299415 -1.6928924
16.168752154524594 111.60046819011792 -1.8417426
16.168752175848976 111.60046828759045 -1.141338
16.16875216135979 111.60046822136121 -1.6172389
16.168758604277482 111.60046755006178 -1.8978907
16.16875860212821 111.60046754023757 -1.9684843
16.16876506260938 111.60046694861748 -1.6760076
16.16877795509643 111.60046563798038 -2.0054328
16.168784407110838 111.60046500597409 -2.0014315
16.168784409530673 111.60046501703522 -1.9219496
16.168790868634204 111.60046441691289 -1.6882685
16.168790864973623 111.60046440018023 -1.808504
16.168810227835827 111.6004625308486 -1.5996078
16.16881667453735 111.60046187215654 -1.7845235
16.168816677992538 111.60046188795057 -1.6710325
16.168816677385628 111.6004618851763 -1.6909676
16.168836018396355 111.60045991080806 -2.2300818
16.168836034195532 111.60045998302849 -1.7111274
16.168842488676937 111.60045935834438 -1.6494386
16.168842484147522 111.60045933763966 -1.7982167
16.16886184061051 111.60045742943531 -1.8551676
16.168874752007547 111.60045618847259 -1.6664457
16.168881196612933 111.60045551691485 -1.9382906
16.16888120230021 111.60045554291291 -1.7514758
16.16888765819584 111.60045492274797 -1.6534861
16.168894108487592 111.60045427676809 -1.7404573
16.16890056624911 111.60045366475659 -1.5828053
16.168907019903067 111.60045303829995 -1.5290977
16.168932807311844 111.60045039793035 -2.2744095
16.168965088685148 111.60044730040525 -1.7343675
16.16899088838944 111.60044470684352 -2.1233823
16.169003806595 111.6004434990611 -1.6760314
16.16901025616834 111.60044284957786 -1.7788838
16.16902316020278 111.60044156870536 -1.8523347
16.16908123294346 111.60043586416224 -1.7362986
16.1690876862464 111.60043523499529 -1.6873956
16.169094140352126 111.6004346098892 -1.6088474
16.169094133069684 111.60043457659525 -1.8480916
16.169113500129882 111.6004326303948 -1.8852687
16.169145745640485 111.60042945007227 -1.9544177
16.169145750437135 111.6004294720023 -1.7968326
16.169152197130455 111.60042882380387 -1.8961027
16.16915863568539 111.60042813895781 -2.2582662
16.169171532890577 111.60042686288595 -2.3085012
16.16917155057904 111.60042694375775 -1.7273698
16.169177992701975 111.60042627700052 -1.9581957
16.169184437219467 111.60042562181401 -2.105423
16.169210236038797 111.60042310218505 -1.963102
16.169216693303856 111.6004225086232 -1.6652279
16.169229577075782 111.60042118302333 -2.063177
16.16923603182201 111.6004205801286 -1.8309945
16.16924891506897 111.60041925662539 -2.2111268
16.169255367914683 111.60041864735508 -2.0233798
16.169255360486 111.60041861338964 -2.267451
16.16926181939989 111.60041803266414 -1.8741244
16.169268262318568 111.6004173841059 -1.9684546
16.16926826585516 111.60041740027603 -1.8522581
16.169281150321808 111.60041609041566 -2.129749
16.16931983593749 111.60041232910059 -1.7419783
16.169326270996393 111.60041164805953 -2.0648804
16.169326292653775 111.60041174708485 -1.3532945
16.16933271933864 111.60041102870379 -1.9440544
16.169332717252633 111.60041101916578 -2.0125935
16.169332717260197 111.60041101920035 -2.012345
16.169332705164397 111.60041096389384 -2.4097722
16.169371377766627 111.60040720206904 -2.0054212
16.16937137589374 111.60040719350535 -2.0669591
16.169377825401593 111.60040658199485 -1.8858197
16.169377820922247 111.60040656151317 -2.0329993
16.16938426806587 111.60040594441946 -1.8921189
16.16938426733097 111.60040594105911 -1.9162661
16.16939069754111 111.60040524790615 -2.3215537
16.169397149458124 111.6004046595657 -1.973883
16.16941003163349 111.60040337814958 -2.028401
16.169410031334177 111.60040337678097 -2.0382357
16.16941003390579 111.60040338853976 -1.9537376
16.1694164757027 111.60040275273192 -1.9450858
16.16942291026096 111.60040208494515 -2.1657677
16.169442240264758 111.60040020881014 -1.9107891
16.169455121783145 111.60039894030724 -1.866004
16.169461562289314 111.60039830667338 -1.8384774
16.169467999959252 111.60039766126768 -1.8950791
16.16946800328177 111.6003976764604 -1.7859049
16.169480868521404 111.60039634309763 -2.2034912
16.169480869953137 111.60039634964454 -2.1564457
16.169487312645213 111.6003957308578 -2.0203757
16.16949375039521 111.60039509519308 -2.005812
16.16950663337079 111.60039385283943 -1.765714
16.16951306906333 111.60039320257907 -1.8532842
16.169525942661412 111.60039192498462 -1.8636642
16.16953237902379 111.60039129061231 -1.8370515
16.169532373518194 111.6003912654365 -2.0179644
16.169538814560287 111.60039064928893 -1.8592478
16.16953881041337 111.600390630326 -1.995515
16.16954524792483 111.60038999934932 -1.9429029
16.169545250787632 111.6003900124403 -1.8488312
16.169545245994144 111.6003899905207 -2.0063453
16.169551686007157 111.60038937230777 -1.861556
16.169551678998236 111.60038934025738 -2.0918696
16.169558122122506 111.60038873760524 -1.8348048
16.169558120069972 111.60038872821939 -1.9022514
16.169577422799737 111.60038681517584 -1.8847786
16.16957742378219 111.60038681966843 -1.8524948
16.1695838516455 111.60038615265138 -2.0561402
16.16958385056594 111.60038614771473 -2.091615
16.169583847471078 111.60038613356235 -2.1933138
16.16959671664128 111.60038486961987 -2.0962567
16.169622447753586 111.600382316497 -2.0767453
16.169641735759914 111.60038036934537 -2.2896068
16.16964816716557 111.60037973264289 -2.2709422
16.169661033472178 111.60037847958579 -2.086072
16.169667456375194 111.60037780837847 -2.3140416
16.1696674648737 111.600377847242 -2.0347672
16.169686748844907 111.60037591227531 -2.1508439
16.169686753124797 111.60037593184732 -2.0101988
16.169686749858858 111.60037591691213 -2.1175234
16.169693178988375 111.60037528010753 -2.0965366
16.1696931740202 111.60037525738797 -2.2598002
16.16969961197798 111.60037466245299 -1.9375057
16.169699598145147 111.60037459919505 -2.3920796
16.169718889551074 111.60037272516699 -2.0644736
16.169725319373068 111.60037209907642 -1.9643569
16.169725310345378 111.60037205779227 -2.2610269
16.169731742690054 111.60037144476446 -2.0666182
16.16973174801319 111.60037146910754 -1.8916875
16.169770291443548 111.60036759140534 -2.1502573
16.169776714898582 111.60036694855035 -2.16728
16.169776714261225 111.60036694563563 -2.1882255
16.169783133878973 111.6003662957426 -2.2567878
16.169783136761314 111.60036630892394 -2.162066
16.169795988822425 111.60036505461211 -1.9684517
16.169802411743373 111.60036441559974 -1.9562422
16.16983451783 111.60036120537627 -1.9982016
16.169834511708885 111.60036117738332 -2.199361
16.1698409385667 111.60036056591633 -1.9868455
16.169840937723663 111.60036056206096 -2.0145504
16.16985377579469 111.60035927685941 -2.0365107
16.169860194646166 111.60035863359138 -2.0513701
16.169873032770372 111.60035735381447 -2.0313847
16.16990512291855 111.60035415906286 -1.941227
16.169911535233403 111.60035349884497 -2.074936
16.169917951146175 111.60035285670767 -2.0783584
16.169937176313393 111.60035083653175 -2.7602422
16.169962857647224 111.60034838472662 -1.9273572
16.169969268152286 111.60034773091225 -2.0119417
16.16997568087012 111.60034708885246 -2.0117266
16.169975678229843 111.60034707677771 -2.0984974
16.17000773428861 111.60034386996267 -2.0696106
16.170007740672208 111.60034389915683 -1.8598175
16.170007741291144 111.6003439019874 -1.8394766
16.17006543365332 111.600338169442 -1.479066
16.17006541211119 111.60033807092266 -2.1870403
16.170071830354605 111.60033747861787 -1.8247316
16.170078223995233 111.60033677988201 -2.2276661
16.170078227540852 111.6003367960973 -2.1111407
16.170084640317896 111.60033618203876 -1.9046125
16.170091039335134 111.60033550667231 -2.138386
16.170097452082803 111.60033489571786 -1.9090215
16.170103855811522 111.60033424067198 -1.9955575
16.170103857689266 111.60033424925955 -1.9338459
16.17011025289171 111.6003335609632 -2.2596877
16.170110258933708 111.60033358859533 -2.0611186
16.170123066602404 111.60033230091078 -2.073976
16.170123068653297 111.60033231029021 -2.006574
16.17014868151024 111.60032973390678 -2.0353193
16.170148683831897 111.60032974452454 -1.9590183
16.170155076361063 111.60032905555559 -2.2880945
16.170155081544916 111.60032907926316 -2.1177278
16.17016148061943 111.6003284218194 -2.2200365
16.17016148332912 111.60032843421175 -2.130983
16.17016148732697 111.60032845249529 -1.9995944
16.170167880643607 111.60032777030638 -2.2795086
16.17019346855428 111.60032512432738 -2.8022292
16.17020628896702 111.6003239317654 -2.1251225
16.17021268352466 111.6003232707169 -2.2524073
16.1702126827166 111.6003232670214 -2.278964
16.170251075895997 111.60031943356348 -2.0816963
16.17025107500413 111.60031942948471 -2.1110072
16.170251070802994 111.60031941027147 -2.2490773
16.17026386714549 111.60031813542447 -2.1602225
16.170263862730177 111.60031811523177 -2.3053312
16.1702702617594 111.60031748401046 -2.2161157
16.170276657851765 111.60031684086961 -2.212417
16.170276659267316 111.6003168473434 -2.165895
16.170283054403033 111.60031620133364 -2.1826787
16.17028944718894 111.60031554575154 -2.2680545
16.17029584100838 111.60031489671752 -2.306318
16.17030222873484 111.60031422576091 -2.5026925
16.170327811099508 111.60031167830749 -2.3036497
16.17032781529085 111.60031169747579 -2.165902
16.17033420464605 111.60031103686798 -2.2867
16.17034060035128 111.60031041120473 -2.1569803
16.17035338681793 111.60030913269217 -2.0912838
16.170359775027826 111.60030847261285 -2.2079637
16.17035977754404 111.60030848412028 -2.1252687
16.17036616903139 111.60030784045438 -2.1239314
16.17036616637327 111.600307828298 -2.21129
16.170385333164734 111.60030587069728 -2.3981066
16.170411034695785 111.60030333339378 -2.4602985
16.170423798393095 111.60030207854575 -2.170191
16.170442918645687 111.60030010390781 -2.4008687
16.170442924937905 111.60030013268386 -2.194077
16.170442924731155 111.60030013173832 -2.2008717
16.17045567676449 111.60029883664396 -2.200109
16.170455654822725 111.6002987362986 -2.921216
16.170455673464723 111.60029882155325 -2.3085544
16.170455671012224 111.60029881033735 -2.389155
16.170462048064064 111.60029816940175 -2.3413336
16.170462053637948 111.60029819489253 -2.1581504
16.170500303686303 111.60029431797967 -2.0978093
16.17050667557379 111.60029366162392 -2.1614835
16.170519419145194 111.60029235125114 -2.2724652
16.170525791723986 111.60029170128877 -2.2906575
16.170564041849786 111.60028789412783 -1.739071
16.170570398427802 111.60028717786963 -2.235159
16.170576762107117 111.60028649499293 -2.491614
16.17057676618587 111.6002865136454 -2.3575723
16.170589508567982 111.60028521923847 -2.3585806
16.17060225015479 111.60028392459076 -2.362478
16.170608625910724 111.60028330118647 -2.1929965
16.17060862420277 111.60028329337595 -2.2491252
16.17061499261815 111.60028263719472 -2.315511
16.170634110582778 111.60028073137144 -2.065993
16.170634112110367 111.60028073835706 -2.0157926
16.17064047536879 111.60028006156854 -2.2316725
16.170640476919594 111.60028006866033 -2.1807091
16.17064048010691 111.60028008323589 -2.075965
16.170640473764568 111.60028005423244 -2.2843919
16.17065958209976 111.60027812580815 -2.2037818
16.170659571208354 111.60027807600228 -2.5617013
16.17066593936367 111.60027742427654 -2.599054
16.170672324339392 111.60027685008917 -2.079616
16.17067230613263 111.60027676683089 -2.6779346
16.170678693754297 111.60027620534363 -2.0676632
16.170678683489008 111.6002761584013 -2.405005
16.170678691277757 111.60027619401863 -2.149048
16.170685058420485 111.6002755394643 -2.208029
16.170691428789187 111.60027489578854 -2.1885962
16.170691424620042 111.60027487672347 -2.3256037
16.17069143181901 111.60027490964367 -2.0890293
16.17069142872063 111.60027489547507 -2.190849
16.170710535378948 111.60027296503836 -2.1339166
16.17071052162882 111.60027290216084 -2.5857735
16.17071053790754 111.60027297660125 -2.0508223
16.170723277071815 111.60027169551718 -1.97267
16.170723265556642 111.60027164286005 -2.3510802
16.170723273116337 111.6002716774294 -2.1026542
16.17076147870622 111.6002677899239 -2.1990314
16.170780586598642 111.60026587427954 -2.0529532
16.17078057956767 111.60026584212866 -2.2839997
16.170780580063877 111.6002658443977 -2.2676938
16.170793318136464 111.60026457078487 -2.1490192
16.170799679914325 111.60026389894605 -2.3420372
16.170799689594656 111.60026394321149 -2.0239317
16.1707996864922 111.6002639290248 -2.1258817
16.170806053450626 111.60026328110148 -2.14768
16.170825158665746 111.60026135391645 -2.0971684
16.170831525635627 111.60026071085908 -2.0873008
16.170837892277206 111.60026006234546 -2.1167145
16.170844251723715 111.60025938104907 -2.3824213
16.170850611791153 111.6002587026919 -2.6277196
16.170863349756875 111.60025742773989 -2.5329273
16.170863356744494 111.60025745969148 -2.3033123
16.170863363225703 111.60025748932748 -2.090338
16.170869730573855 111.60025685332425 -2.0348465
16.170876075906552 111.60025610781364 -2.765687
16.170876097154554 111.60025620497181 -2.0674748
16.170876096144987 111.60025620035546 -2.1006496
16.17088882555114 111.60025489093154 -2.2602956
16.17089518339777 111.60025419819046 -2.6135426
16.170895191838248 111.6002542367849 -2.3361895
16.170901559614038 111.60025359383947 -2.3330674
16.17090790782814 111.60025286139027 -2.9739506
16.170907929576995 111.60025296083737 -2.2592888
16.170914297424826 111.60025231808916 -2.2563581
16.17091429784228 111.60025231999799 -2.2426407
16.170914297196834 111.60025231704667 -2.26385
16.170933395863823 111.60025037032163 -2.3934994
16.170933398437157 111.60025038208813 -2.3089411
16.17093340242855 111.60025040033872 -2.1777859
16.170946140292042 111.60024912366083 -2.11606
16.170946140590246 111.60024912502435 -2.1062613
16.170946138806062 111.60024911686624 -2.1648884
16.17094613246783 111.60024908788498 -2.3731582
16.17094614164556 111.60024912984971 -2.0715845
16.170952498685573 111.60024843688194 -2.4345944
16.170952506467284 111.6002484724634 -2.178893
16.170952506496644 111.60024847259763 -2.1779284
16.170958878002477 111.60024784558235 -2.0678513
16.170965242218834 111.6002471850285 -2.1996756
16.170977979985732 111.60024590591179 -2.1642363
16.17099708552937 111.60024398021417 -2.1683614
16.17100345310421 111.60024333343162 -2.2066815
16.171054383908785 111.6002381056839 -2.9327254
16.171067133923973 111.60023687278813 -2.591862
16.171105363745443 111.60023307878976 -2.2802267
16.171105362206433 111.60023307175315 -2.3307948
16.171105359535463 111.60023305954098 -2.4185565
16.171111729480057 111.60023242057251 -2.4184268
16.171124468904203 111.60023112548922 -2.5425434
16.17112447122477 111.60023113609918 -2.4662957
16.1711372128145 111.60022985298036 -2.5094366
16.171137215451022 111.60022986503489 -2.4228077
16.171137215211182 111.60022986393831 -2.4306881
16.17115632427451 111.60022792383471 -2.6151526
16.17119456415375 111.60022411578915 -2.4942555
16.17120093436709 111.60022346451393 -2.597405
16.171200918359702 111.60022339132767 -3.123354
16.17121368456966 111.60022220442359 -2.5020335
16.171226432401657 111.60022093043905 -2.5111709
16.17123917646463 111.60021964051643 -2.6402295
16.171251923053024 111.60021835003508 -2.7766836
16.171258304870996 111.60021774474625 -2.5599294
16.17125830157524 111.60021772967826 -2.668215
16.171283784842636 111.6002151032925 -3.2888098
16.17128380205359 111.60021518197935 -2.7233284
16.171283807464924 111.60021520671945 -2.5455341
16.171322065106462 111.60021139254606 -2.612174
16.171322067274264 111.60021140245692 -2.5409498
16.171353956872235 111.60020822868938 -2.5956352
16.17137308732942 111.60020630183234 -2.806528
16.171373091849404 111.60020632249672 -2.658023
16.17138584842409 111.60020504366942 -2.7632854
16.171392225540302 111.60020439739412 -2.8671393
16.171392230562518 111.6002044203545 -2.7021341
16.171398627093183 111.60020386182339 -2.17669
16.171417754744542 111.60020189690478 -2.6872976
16.171424134339205 111.60020125682748 -2.7530255
16.171430520183677 111.60020064427776 -2.6222153
16.17148796499741 111.60019495642094 -2.7602816
16.171494339077576 111.60019427936282 -3.1060643
16.17150711845214 111.60019306909699 -2.7684329
16.17151350167564 111.60019243053868 -2.841458
16.171519890379276 111.60019182481393 -2.6811771
16.17153265602972 111.60019053850945 -2.899808
16.171539032632076 111.60018986523664 -3.2275548
16.171570979479327 111.60018677355085 -2.9118795
16.171583759629286 111.60018553557586 -2.8041728
16.171583752349843 111.60018550229744 -3.0433323
16.171590155979978 111.60018494358232 -2.5582898
16.171596536159452 111.6001842809749 -2.821864
16.17160292298343 111.6001836431648 -2.907868
16.171609308057537 111.60018299622155 -3.0608177
16.171615707024127 111.60018241165417 -2.7668023
16.171615705971444 111.60018240684177 -2.8013873
16.171615701752785 111.60018238755603 -2.9399872
16.17164765054062 111.60017923720523 -3.124556
16.17165405243083 111.60017865919761 -2.7912211
16.171654050720772 111.60017865138008 -2.8474033
16.171679373047436 111.60017607527513 -2.8577287
16.17168578899609 111.60017547881313 -2.7050767
16.171685792493744 111.60017549480234 -2.5901673
16.171717850239123 111.60017239521827 -2.6889424
16.1717178471433 111.60017238106595 -2.790651
16.171724263723014 111.60017178093257 -2.6719947
16.171724267652934 111.60017179889792 -2.542883
16.17173708422233 111.60017053279407 -2.7842908
16.17175632691338 111.60016868820428 -2.7604299
16.171769157381522 111.60016746296263 -2.7181666
16.171769148985614 111.60016742458124 -2.9940038
16.17178198732971 111.60016623177223 -2.7232456
16.17178197259546 111.6001661644155 -3.207322
16.171788406389464 111.60016563356429 -2.6025183
16.171826876658503 111.6001618304218 -3.43895
16.171839731715426 111.60016069545406 -2.771302
16.171871818239573 111.60015762858045 -2.7710433
16.171871810217286 111.60015759190672 -3.034611
16.171891075803156 111.6001558046247 -2.6658056
16.171897509560047 111.60015526220424 -2.1613648
16.17189749847887 111.60015521154669 -2.525433
16.171897497202245 111.60015520571059 -2.5673761
16.171929592967267 111.60015215263275 -2.5088494
16.17193599732142 111.60015147321454 -2.9942005
16.17193600823556 111.60015152310868 -2.6356173
16.171942431965753 111.60015093191247 -2.4877505
16.171948838400215 111.60015027024195 -2.8484945
16.17196168012303 111.60014906449771 -2.7252398
16.171974523593455 111.60014786119838 -2.5868418
16.171980936002317 111.60014721209744 -2.8591404
16.17199378088884 111.60014601843885 -2.6565394
16.171993783208094 111.60014602904144 -2.5803394
16.172006623795234 111.60014481061486 -2.5579116
16.172032307045583 111.60014238199751 -2.4619129
16.17205798131199 111.60013991178971 -2.674853
16.172057983522482 111.60013992189515 -2.6022253
16.1720579637911 111.6001398316914 -3.2505183
16.172070803561486 111.60013860888112 -3.272134
16.172070811083877 111.60013864327044 -3.0249782
16.172070824532106 111.60013870475035 -2.5831225
16.172083655376845 111.6001374459888 -2.8659642
16.17210291870371 111.60013562993137 -2.7749507
16.172115754167677 111.60013438508425 -2.9615061
16.172115766588515 111.60013444186762 -2.553402
16.172115755255767 111.6001343900586 -2.9257553
16.17212218730524 111.60013384014636 -2.499561
16.172122170343716 111.60013376260457 -3.056857
16.172122184758216 111.60013382850231 -2.5832474
16.17212217587388 111.60013378788645 -2.8751552
16.17212860298258 111.60013321119175 -2.6412382
16.17220563472891 111.60012590078573 -2.6688297
16.172218469467232 111.60012467422058 -2.7369936
16.17222489129198 111.60012407994189 -2.6345477
16.17223129293145 111.60012339398723 -3.1912267
16.17225697460586 111.60012100003331 -2.9055388
16.172263394298277 111.60012039994031 -2.8461165
16.172263395189173 111.60012040401321 -2.8168437
16.17227623225667 111.60011919512642 -2.7609062
16.172295482378196 111.60011736299958 -2.8132446
16.172314733592017 111.60011554775643 -2.7457938
16.172327560849155 111.60011430752765 -2.9168293
16.172340388800254 111.60011306969865 -3.0701275
16.172340395803676 111.60011310171642 -2.8400083
16.17234680953584 111.60011248535051 -2.8986964
16.172372466628108 111.60011004421382 -2.9591866
16.17237247826639 111.60011009742105 -2.5767722
16.172372462796826 111.60011002669818 -3.085076
16.17237246103016 111.60011001862146 -3.1431255
16.172398115711577 111.6001075877665 -3.1296997
16.17241094017248 111.600106361392 -3.2005343
16.17241735509056 111.60010576222392 -3.1350322
16.17241735224999 111.60010574923754 -3.2283692
16.172443009534515 111.6001033580604 -2.926192
16.172455830623786 111.60010213279068 -2.9870505
16.172462224338965 111.60010144529373 -3.5553186
16.172487876015154 111.60009905961704 -3.2078826
16.172507103405184 111.60009723262831 -3.216018
16.172513512319714 111.60009662544269 -3.20519
16.172513492966875 111.60009653696613 -3.8411055
16.172532731112746 111.60009477613953 -3.3704102
16.172571158108024 111.60009106915643 -3.7524436
16.172596770948978 111.6000886048191 -3.9496515
16.172596787937113 111.6000886872767 -3.3577175
16.172667203441865 111.60008196436883 -3.4782763
16.172724771489158 111.60007640826645 -3.9310248
16.172788711668307 111.60007029832386 -3.92414
16.17280150939599 111.60006915262458 -3.368478
16.172807902247737 111.60006855056331 -3.2989626
16.172807901668328 111.60006854791449 -3.3180013
16.172871784410294 111.6000624341423 -3.2573168
16.17293561894502 111.6000562950116 -3.308876
16.172954994115138 111.60005457627399 -3.177421
16.17296134939384 111.60005391469218 -3.4676125
16.1729613598686 111.60005396257759 -3.1234226
16.17297408412254 111.6000527081922 -3.207147
16.172974087804175 111.60005272502268 -3.0861728
16.17297407530967 111.60005266790435 -3.4967275
16.172980445336606 111.60005207988367 -3.255898
16.172980450720935 111.60005210449796 -3.0789757
16.17300589263623 111.60004959756007 -3.2212734
16.173005901290168 111.60004963712073 -2.936919
16.173005888683868 111.60004957949225 -3.3511415
16.173005893489314 111.60004960145989 -3.1932423
16.173012245984168 111.60004894326892 -3.4531474
16.17303769125866 111.60004650453799 -3.0931606
16.173044044160733 111.60004585784493 -3.266998
16.1730567606003 111.60004461871618 -3.222713
16.173063117776653 111.60004399717239 -3.2138324
16.173069478960386 111.60004339578776 -3.0594192
16.17307583354133 111.6000427660454 -3.1082141
16.17309489915507 111.60004089616999 -3.1118584
16.173094889885817 111.6000408537986 -3.416418
16.173094901222385 111.60004090562003 -3.0439324
16.173094896306754 111.60004088314983 -3.2054453
16.173133012405675 111.60003712584472 -3.3240144
16.173139365330364 111.60003650150283 -3.3276074
16.17315207284606 111.600035274207 -3.1808448
16.173171109455858 111.60003333701928 -3.6494348
16.17319652001973 111.60003089954965 -3.2212276
16.173196510164935 111.60003085450448 -3.5450094
16.173209215196426 111.60002964384194 -3.2702992
16.173209206289886 111.60002960313149 -3.5629234
16.173221890272956 111.60002829729868 -3.9699183
16.173228258475056 111.60002777351279 -3.2457302
16.173240939210235 111.60002646609591 -3.6625185
16.173247271792842 111.60002577407103 -4.1450562
16.17326630611791 111.60002390080304 -4.1370234
16.17326631943236 111.60002396644995 -3.665882
16.173278994543406 111.60002264446734 -4.1825485
16.17329170106871 111.60002148065449 -3.562545
16.17331707427243 111.60001897571475 -3.5923297
16.173317065727048 111.60001893186725 -3.9067788
16.17332341360849 111.60001833424246 -3.7086775
16.173329761360716 111.60001773235004 -3.5402958
16.173336092365414 111.60001705021705 -3.9477377
16.17336779221092 111.60001388369413 -4.2306647
16.173367800436264 111.60001392128675 -3.9604475
16.17339313130881 111.60001127785463 -4.976844
16.17339946902783 111.6000106410273 -5.057722
16.173405816112805 111.60001004787406 -4.8245616
16.17347550303897 111.60000298910334 -6.0966005
16.17347551951232 111.60000306438594 -5.555462
16.17348185869148 111.60000244390112 -5.5182495
16.173545214821186 111.59999610494839 -6.1127725
16.17354521199157 111.59999609201785 -6.205719
16.17355154956935 111.59999546958558 -6.18327
16.17356423403447 111.59999426831732 -5.825384
16.173589575530546 111.59999174402965 -5.986589
16.17360224112488 111.59999046420404 -6.196013
16.17367827586953 111.59998296530571 -6.174794
16.173697288072 111.59998110864187 -6.046225
16.173703610093334 111.59998041776505 -6.5212593
16.17370361706286 111.59998044960977 -6.292352
16.173716297201263 111.59997922749336 -6.095162
16.17372262192254 111.59997854840896 -6.486456
16.17372262326365 111.5999785545366 -6.442409
16.17373530006189 111.59997732507085 -6.301596
16.17376699711923 111.59997425846869 -5.9037743
16.17379234491481 111.5999717535941 -5.9636974
16.173830368475933 111.59996799509952 -6.075991
16.173843026512813 111.59996666106106 -6.7006817
16.173874777525143 111.59996379862314 -4.873444
16.173925504424847 111.59995884713985 -4.6493716
16.173950870582228 111.59995635900114 -4.6391053
16.173950867980604 111.59995634711622 -4.7245383
16.17400163095174 111.59995146803864 -4.034017
16.174033374124356 111.59994845973023 -3.3269393
16.174077787638964 111.59994406713454 -3.6632438
16.174084127411547 111.5999434068271 -3.9488828
16.17409682586265 111.59994218731453 -3.7981882
16.17413489254334 111.59993834076889 -4.709799
16.17415397276478 111.59993661476314 -3.756931
16.174153974920277 111.59993662460863 -3.6861563
16.17417937457044 111.59993410511436 -3.9915354
16.174179370258877 111.59993408542108 -4.133101
16.17418572304705 111.5999334703841 -4.1053157
16.1741857251129 111.59993347981994 -4.037486
16.174236505789114 111.59992840804415 -4.14487
16.174236508451198 111.5999284202029 -4.0574656
16.17423651022696 111.5999284283135 -3.9991622
16.174242861515975 111.59992777664257 -4.301701
16.174242878999397 111.59992786128328 -3.6939816
16.174249227481834 111.59992719028311 -4.135413
16.174312872342444 111.59992117075912 -3.6285524
16.174338329269442 111.59991871264391 -3.803492
16.174344693778938 111.59991809249802 -3.8884666
16.1743892847465 111.59991387804607 -3.585092
16.174395646092123 111.5999132280956 -3.8874826
16.174408389942926 111.5999120233776 -3.809646
16.17441476494139 111.59991142988433 -3.7071252
16.174453014664646 111.59990782549205 -3.4095824
16.174465758206146 111.59990657895973 -3.6361482
16.17447212621069 111.5999059306555 -3.9289546
16.17447214108642 111.59990600337817 -3.406894
16.174472138960137 111.59990599366769 -3.4767005
16.174472133870022 111.59990597042179 -3.6438103
16.17449766522484 111.59990364684843 -2.8808944
16.174497647134004 111.59990356423063 -3.4748182
16.17450401234963 111.59990289291764 -3.9336388
16.17451040516155 111.59990235513442 -3.434069
16.17453591720391 111.59989989808513 -3.6331782
16.174535913352983 111.59989988049884 -3.7596035
16.174542308015642 111.59989934481055 -3.2457056
16.1745550522471 111.59989803867586 -3.9021692
16.174555061216516 111.59989808442383 -3.5740204
16.174561448768674 111.59989750108137 -3.401317
16.174580591274214 111.59989564633024 -3.6356506
16.174593366677943 111.59989446192522 -3.41688
16.174638046360673 111.59989009217634 -4.2588067
16.174638042729047 111.599890075592 -4.3780303
16.174638045657883 111.59989008896694 -4.281879
16.174644443782302 111.59988952616041 -3.959653
16.174657222840928 111.59988831114728 -3.9564853
16.174663620851785 111.59988774614459 -3.6499882
16.174721144167652 111.59988225680483 -3.777459
16.17472115182362 111.59988229176629 -3.5261204
16.17472753545037 111.59988163466772 -3.8774323
16.174733926528432 111.5998810046446 -4.0329404
16.174759506887384 111.5998785642229 -4.0818505
16.17475950472654 111.59987855435536 -4.1527886
16.174759496499966 111.59987851678845 -4.422859
16.17477869684881 111.59987673041033 -4.1381536
16.174785088555304 111.59987609074705 -4.35976
16.174791488445926 111.59987548629938 -4.3276463
16.174804292764154 111.59987429132877 -4.1615024
16.174810694501407 111.59987368885206 -4.1134853
16.17481710164887 111.59987310893128 -3.9027076
16.17481706856508 111.59987295785406 -4.9888167
16.174868313030633 111.59986818333205 -4.2509894
16.174893925833793 111.599865706382 -4.5107284
16.17490034061474 111.59986513363116 -4.239421
16.174913136921777 111.5998638299631 -4.8315544
16.174919558351043 111.59986328127194 -4.3849173
16.174919544458927 111.59986321783387 -4.8409853
16.174919563087244 111.59986330289969 -4.229431
16.174925964191946 111.59986265930607 -4.4642563
16.174925973752313 111.59986270296326 -4.150396
16.174925972286886 111.59986269627143 -4.198505
16.17493877030065 111.59986138367259 -4.8483725
16.174951607443017 111.5998602414513 -4.269991
16.174951593141984 111.59986017614591 -4.7394853
16.174951598890136 111.59986020239472 -4.550777
16.174958018152164 111.59985963133889 -4.2599006
16.175060632532876 111.59984980334025 -4.450341
16.17506703794417 111.59984913491562 -4.8432407
16.17509271846338 111.59984671074002 -4.610467
16.175092718317458 111.59984671007366 -4.6152577
16.175092724675363 111.59984673910722 -4.406526
16.175144074125335 111.59984174688246 -4.9233627
16.1751569278076 111.59984055929573 -4.6073112
16.175156925403268 111.59984054831615 -4.6862473
16.175156923020864 111.59984053743675 -4.7644634
16.17521473913267 111.59983498151801 -4.8062005
16.17524044369651 111.59983249572697 -4.9108415
16.175291869710904 111.59982753526658 -4.983186
16.175291863045796 111.59982750482898 -5.2020164
16.17534974869941 111.5998219469033 -5.0246315
16.17536903253821 111.59982000981147 -5.548791
16.175381903996808 111.59981878540779 -5.4105945
16.175381909729026 111.59981881158585 -5.2223864
16.175420513164408 111.59981506912175 -5.2766137
16.1754269464203 111.59981443555733 -5.351379
16.175446254220496 111.59981256840516 -5.3273926
16.175510489172343 111.5998064697031 -5.251638
16.175516926735693 111.59980578168565 -5.627094
16.175523380008762 111.59980516405587 -5.4951034
16.17555562543145 111.59980196667739 -5.6019526
16.17557497493567 111.59980005202061 -5.6251264
16.175645927973516 111.59979298983302 -5.925039
16.1756459395571 111.59979304273884 -5.544663
16.175652382596287 111.59979236331844 -5.8347077
16.1756652742001 111.59979102835123 -6.240411
16.17566529077414 111.59979110405087 -5.696154
16.175697547503983 111.59978788664296 -5.8324666
16.175716907315543 111.59978598339411 -5.7097483
16.17583945383344 111.59977360264828 -7.1490707
16.175845908408686 111.59977298342518 -6.9885435
16.17587172150689 111.59977045101351 -6.736989
16.175884635503806 111.59976922140355 -6.3464355
16.175936212451358 111.5997639716662 -7.1602416
16.17616172182029 111.59974109790075 -10.134725
