lat lon elevation
16.837997818755333 112.35466825995549 1.8076243
16.837997816249764 112.35466827284286 1.8940179
16.837997814675973 112.35466828093764 1.9482832
16.837991444318394 112.35466769957497 2.3035955
16.837985103622838 112.35466696738314 1.6466508
16.837985096651273 112.35466700324106 1.8870333
16.837978734404835 112.3546663836081 1.9835308
16.837978722108428 112.35466645223266 2.4428973
16.837978713616845 112.35466649590859 2.7356899
16.837978738225477 112.35466636395691 1.8517941
16.837978747041902 112.3546663186102 1.5478011
16.837972375099174 112.35466575053833 1.9888408
16.837966029348475 112.35466504941498 1.5368394
16.837966022516778 112.35466508455312 1.7723968
16.83796601635899 112.3546651162251 1.9847181
16.83795965475897 112.35466450322946 2.1217868
16.837946936893193 112.354663239725 2.1431465
16.83794695383344 112.35466315259549 1.5590509
16.837946931746483 112.35466326619633 2.320604
16.837940581766674 112.3546625932433 2.0531957
16.83794058871568 112.35466255750231 1.8135966
16.837940573603824 112.35466263522747 2.334648
16.837934207948035 112.35466204982288 2.6524396
16.837934231398865 112.3546619238295 1.8084846
16.83792149959594 112.35466075966598 2.4856298
16.83791514420468 112.35466011519195 2.4057794
16.837915161812113 112.3546600246325 1.7986891
16.83790880250056 112.35465940714431 1.8980964
16.837902446080943 112.35465877620092 1.9063431
16.83789608891339 112.35465814553278 1.9161205
16.83789608516409 112.35465816481617 2.0453923
16.83788973839914 112.35465748697916 1.7373962
16.837800776923224 112.35464869013636 1.9786574
16.837800783526735 112.3546486561752 1.7509875
16.837794418143087 112.35464809151786 2.1894639
16.83771818513145 112.35464061290692 2.6883736
16.837705500080148 112.35463926426543 2.079187
16.83769914697824 112.3546386528588 2.1946428
16.83769279914114 112.35463800996493 2.0991578
16.837667400679372 112.3546354749428 1.9583596
16.837661050887302 112.3546348493921 1.9763192
16.83766104337996 112.354634887998 2.2351294
16.837661038642945 112.35463491235772 2.3984346
16.837654711044635 112.35463416810241 1.6208428
16.83764836208264 112.35463353406526 1.5817618
16.837610248441653 112.35462984752006 2.1278095
16.837610268638585 112.35462974366253 1.4315568
16.837603907555874 112.35462917865011 1.8523244
16.83738165997105 112.35460713344543 1.3146268
16.837375351061805 112.35460628344603 -0.1754728
16.83736895958033 112.35460585717969 1.1753644
16.83734991964019 112.35460388174798 0.55902135
16.83733722224539 112.3546025863543 0.29332796
16.837337219334415 112.35460260132052 0.3936624
16.837311812763144 112.35460004457649 0.0958866
16.837311805415684 112.35460008235145 0.34913257
16.837305430098812 112.35459956851285 1.1150384
16.837299146711032 112.35459857601282 -1.3270704
16.837292777582313 112.35459802322556 -0.82096016
16.837292752173155 112.35459815385828 0.054811917
16.837254625324142 112.35459436031174 -0.09711901
16.837254655248362 112.3545942064699 -1.1284899
16.837248291922748 112.35459361550562 -0.8755601
16.83721652677489 112.35459037632857 -1.5105245
16.83721651907087 112.35459041593438 -1.2450025
16.837210165699688 112.35458977072486 -1.3536035
16.837210163032086 112.35458978443874 -1.2616639
16.837197447228608 112.35458853633371 -1.1936951
16.837197452276342 112.3545885103839 -1.3676658
16.837191088775842 112.35458790797207 -1.1872058
16.83718472705618 112.3545872949246 -1.0775257
16.837178376533696 112.35458662281279 -1.3632895
16.837178374820546 112.3545866316198 -1.3042463
16.837172013690928 112.35458601251477 -1.234105
16.83717202548767 112.35458595187008 -1.6406753
16.8371656546582 112.35458538108664 -1.2460303
16.83715929740047 112.3545847389694 -1.3290591
16.83714657664755 112.35458348202593 -1.3104458
16.837146577536412 112.35458347745654 -1.3410797
16.837140219655765 112.3545828337267 -1.4331949
16.837140220168685 112.35458283108993 -1.4508722
16.83714021235831 112.35458287124077 -1.1816947
16.83713385642345 112.35458221586292 -1.3513086
16.83711477211958 112.35458032944427 -1.3227288
16.837114788403802 112.35458024573293 -1.8839431
16.83710204800429 112.35457906096411 -1.3723065
16.83710204610422 112.35457907073163 -1.3068234
16.837089321376663 112.35457780372546 -1.3446712
16.83708931935761 112.35457781410454 -1.275088
16.837070235725786 112.35457588723727 -1.5042847
16.837070231595774 112.35457590846772 -1.361952
16.837063868144227 112.35457527235722 -1.3953799
16.83706387391546 112.35457524269016 -1.5942733
16.83705751559645 112.35457457832342 -1.8164561
16.837057510349453 112.35457460529558 -1.6356295
16.8370511440844 112.35457397988507 -1.595955
16.83703841562804 112.35457270238173 -1.6934023
16.837032046858493 112.35457208406946 -1.60404
16.83701931364519 112.35457081931264 -1.611777
16.83701293612003 112.35457024007822 -1.258274
16.837012967935344 112.35457007115964 -2.3900642
16.837012945168166 112.3545701935673 -1.5700929
16.837006576268323 112.35456956798583 -1.5265805
16.8370065873066 112.35456951124499 -1.9069831
16.836987480316633 112.35456763869223 -1.745807
16.83698748862186 112.35456759600068 -2.0320208
16.836981105270578 112.35456703650608 -1.5424747
16.83697473560306 112.35456640458358 -1.5377455
16.83695561176814 112.35456456739848 -1.1255906
16.836949253865896 112.35456387146684 -1.5475545
16.83694925489946 112.35456386615407 -1.5831727
16.83694288266383 112.35456323676227 -1.5576264
16.83693013859432 112.35456196936661 -1.5619177
16.836930161860757 112.35456184439697 -2.3990695
16.836923763539406 112.35456134750461 -1.4834561
16.836923765664626 112.3545613365806 -1.5566934
16.836923762348672 112.35456135362524 -1.4424219
16.836917407560943 112.35456062037859 -2.1093125
16.836917391858538 112.35456070646723 -1.5328282
16.836917390897337 112.35456071140796 -1.4997042
16.836917392654144 112.35456070237764 -1.5602458
16.836885631302195 112.35455770237412 -1.5148131
16.836879244429827 112.35455706692834 -1.4406637
16.836872860137472 112.35455642088972 -1.4373478
16.83685370684063 112.35455447601181 -1.4685467
16.836853707160916 112.3545544743655 -1.4795841
16.83684728952962 112.35455399041828 -0.3863861
16.83684732207759 112.35455382312091 -1.5079963
16.836840933530162 112.35455318736379 -1.4318187
16.836834553750467 112.35455250422254 -1.6725758
16.8368345531667 112.35455250722312 -1.652459
16.83683454696076 112.35455253912174 -1.4386014
16.836834555409723 112.35455249569398 -1.7297539
16.836828168407592 112.35455184237027 -1.7692312
16.83682816210572 112.35455187476195 -1.552068
16.83682177968518 112.35455120554968 -1.6986479
16.83682177930992 112.35455120747848 -1.6857165
16.836815392015048 112.35455055601584 -1.7119534
16.836815392496863 112.35455055353928 -1.7285569
16.836815386651793 112.35455058358295 -1.5271354
16.836802618241556 112.3545492419521 -1.8370701
16.836802611571052 112.3545492762384 -1.6072044
16.836802616878725 112.35454924895706 -1.7901068
16.836796227275045 112.35454860242126 -1.7813102
16.836789836404357 112.35454796008723 -1.7437067
16.836777054044042 112.35454667167558 -1.691748
16.836777059941088 112.35454664136493 -1.8949596
16.8367770544514 112.35454666958178 -1.7057854
16.836777670866898 112.35454347435054 -23.124132
16.836770665288267 112.35454602153335 -1.7059689
16.836770666270493 112.35454601648478 -1.7398161
16.836764273508088 112.35454537964301 -1.6636438
16.83673231798895 112.35454208803476 -1.9907899
16.836725917666424 112.35454147629235 -1.743218
16.83671952136904 112.35454083658433 -1.6820219
16.83670674177368 112.35453948351817 -2.0520678
16.8367067414415 112.35453947985042 -2.075982
16.836706744050737 112.35453946643909 -2.1658957
16.836706727906186 112.35453955479612 -1.574198
16.836706731543636 112.35453953609986 -1.6995435
16.836700338846473 112.3545388710603 -1.806874
16.836693942526487 112.354538222374 -1.8041644
16.836693938127937 112.35453824498225 -1.6525915
16.836687544441787 112.35453758049456 -1.7554326
16.8366747480716 112.35453629099378 -1.6953669
16.836668351728044 112.35453563340013 -1.7509227
16.83666194936319 112.35453500450983 -1.6137185
16.836655550480607 112.35453435548028 -1.6112273
16.83665551426891 112.35453454160539 -0.36338395
16.836649137857034 112.35453377484251 -1.1499238
16.836642751016257 112.3545330594527 -1.5917666
16.836636354648384 112.35453239080624 -1.7199674
16.8366363603117 112.3545323616973 -1.9151232
16.836629963434046 112.35453169845046 -2.007529
16.836623561808175 112.35453105239608 -1.9837945
16.836610752734323 112.35452978359353 -1.779455
16.836610750963743 112.35452979269417 -1.7184412
16.83661077042665 112.35452968728143 -2.4244876
16.836604358149994 112.35452908436369 -2.1103158
16.836597951434097 112.3545284610491 -1.934052
16.83659795788215 112.35452842253153 -2.191611
16.836597952962133 112.35452845319514 -1.9867074
16.836597921706108 112.35452861384844 -0.90963423
16.836591576245524 112.35452766775371 -2.8965468
16.83659154983983 112.35452780885187 -1.9512532
16.836585147934986 112.3545271510728 -2.0050964
16.836585151319255 112.35452712830288 -2.1570783
16.836585168890547 112.35452703798786 -2.7625802
16.836585151097157 112.35452712944439 -2.149425
16.836578745162182 112.35452649020915 -2.078829
16.836578745241678 112.35452648980056 -2.0815682
16.836578740938872 112.35452651729172 -1.8979337
16.83657234032641 112.35452584315998 -2.0605202
16.83657233644681 112.35452586847595 -1.8914688
16.83657233533516 112.35452587418975 -1.8531616
16.836565931105188 112.35452522186968 -1.8701069
16.836559533944932 112.3545245353317 -2.1169615
16.836559532116926 112.35452455010267 -2.0186074
16.836553128137304 112.354523886828 -2.1082008
16.836546741759015 112.35452313632315 -2.7832544
16.836540314992632 112.35452260166059 -2.012532
16.836540315441713 112.35452259397718 -2.0633688
16.836540294921104 112.35452270482678 -1.3208704
16.83653390955818 112.35452193947896 -2.0947363
16.83652751064025 112.35452124706488 -2.3803158
16.836514688027354 112.35451997827572 -2.1729567
16.836501871715473 112.35451867875186 -2.1731844
16.836501876817238 112.3545186525291 -2.348991
16.836495468215418 112.35451799944276 -2.3711941
16.836489073288387 112.35451727400422 -2.8785768
16.836489060576955 112.35451733934033 -2.4405408
16.83647623729188 112.35451605413724 -2.344946
16.836463446647926 112.35451459300552 -3.4294426
16.836463451291497 112.35451456913769 -3.5894608
16.836463412452837 112.354514768767 -2.2510757
16.83645700001985 112.3545141231154 -2.2242937
16.836457007257216 112.35451408591557 -2.4736946
16.836450592299588 112.35451345122883 -2.373597
16.836450589583336 112.35451346519027 -2.2799942
16.836444177298 112.35451281476561 -2.2856214
16.83644418180325 112.35451279160876 -2.4408734
16.836437761044948 112.35451218274171 -2.16811
16.836399289769645 112.35450821940101 -2.6170616
16.836392872926034 112.35450757673159 -2.572927
16.836386444717604 112.35450699056301 -2.1503353
16.836380030577246 112.35450632481705 -2.2609155
16.83636720015454 112.35450501440116 -2.3439665
16.83636720437509 112.35450499270735 -2.48941
16.836360776428847 112.35450439763716 -2.128022
16.83634794704349 112.3545030656736 -2.3573449
16.83634153390529 112.35450239896146 -2.4788592
16.836335111158114 112.35450176978532 -2.3478801
16.836335122059364 112.35450171375209 -2.7235477
16.83633511144559 112.35450176830767 -2.3577867
16.83632227080244 112.35450047957605 -2.3009331
16.836322272187587 112.35450047245624 -2.348667
16.836315860495954 112.3544997810322 -2.6364784
16.836309431544134 112.35449917654243 -2.3419626
16.83630943313925 112.35449916834338 -2.3969321
16.83630301294198 112.35449851708134 -2.4165215
16.836296591540357 112.35449787024811 -2.4069579
16.836296596129493 112.35449784665943 -2.5651054
16.83628374778494 112.35449657623731 -2.39181
16.836283986925878 112.35449534164609 -10.668298
16.836283750380375 112.35449656289646 -2.4812524
16.83628374775382 112.3544965763973 -2.3907375
16.836277581649608 112.3544946013339 -11.286474
16.836277590984476 112.35449455335137 -11.608167
16.83627732642634 112.3544959239679 -2.4203897
16.83626449216501 112.35449457584828 -2.7721655
16.83625804887021 112.35449403122631 -2.0808473
16.836245210466014 112.35449268927763 -2.394342
16.83624521803418 112.35449265037589 -2.6551545
16.836238786440514 112.35449204060875 -2.4025197
16.836238789667988 112.35449202401894 -2.513744
16.83623237203107 112.35449134086961 -2.7537587
16.836232395789313 112.35449121874748 -3.5725133
16.836232364806158 112.35449137800711 -2.5047743
16.836225942936693 112.3544907149842 -2.6105316
16.836225959889422 112.35449062784366 -3.194756
16.836213093317962 112.35448941432294 -2.65394
16.83620667182669 112.35448874454232 -2.8071094
16.836200235018183 112.35448815157183 -2.4459808
16.8362002383545 112.35448813442234 -2.560958
16.836200236951175 112.3544881416358 -2.512596
16.83619381247921 112.35448748403086 -2.5855966
16.836180962412673 112.35448616994312 -2.7263293
16.83618096631645 112.35448614987659 -2.8608634
16.83617452828821 112.35448555733221 -2.4999487
16.836168101849236 112.35448490370091 -2.5493662
16.836161667038485 112.35448429160131 -2.3211303
16.836155251308956 112.35448357992966 -2.7612684
16.83614882037127 112.35448294495723 -2.6879964
16.83614881996316 112.35448294705505 -2.6739318
16.836142387955316 112.35448232114219 -2.541389
16.836135953470077 112.35448170149463 -2.3670292
16.83612953159217 112.35448101560551 -2.6376243
16.83612953330816 112.3544810067847 -2.6967626
16.836123111414125 112.354480329599 -2.911149
16.8361166781194 112.35447969956611 -2.808977
16.836110238641805 112.35447909992051 -2.5039487
16.836110247961038 112.35447905201596 -2.825121
16.836103811859882 112.35447843363269 -2.6466002
16.836097378985663 112.35447779729395 -2.5893524
16.836090952708563 112.35447712568909 -2.7694445
16.836078087036938 112.354475845901 -2.7071621
16.836071654990118 112.3544751999751 -2.7178483
16.83607166378334 112.35447515477388 -3.0208967
16.836065219467603 112.35447457061697 -2.6183934
16.83605236682556 112.35447321345944 -3.082319
16.836045925439738 112.35447261545264 -2.776173
16.836045937745418 112.35447255219513 -3.200279
16.836033066321907 112.35447128408386 -3.0729904
16.83603305475482 112.35447134354489 -2.6743379
16.83602662357523 112.35447067933795 -2.8136714
16.835994439979757 112.35446751276758 -2.4935646
16.83598800772697 112.35446685211203 -2.6157908
16.835981579970284 112.35446616722871 -2.901485
16.83598157160131 112.35446621025062 -2.6130466
16.835975145928032 112.3544655135567 -2.9789639
16.835968697144473 112.35446493457859 -2.5567074
16.83594939128261 112.35446298313376 -2.7344508
16.835949387374594 112.3544630032237 -2.5997586
16.83594938386078 112.35446302128717 -2.4786525
16.835936507882074 112.35446174294073 -2.4508514
16.83592364689503 112.35446038353011 -2.9708614
16.835923644918502 112.35446039369097 -2.902738
16.835917203692095 112.35445977272629 -2.7711902
16.835917191823004 112.35445983374261 -2.3621078
16.835910765150796 112.35445913197583 -2.772749
16.835904319577267 112.35445853649169 -2.473199
16.835878568664324 112.35445594389981 -2.6932817
16.83586568357344 112.35445469187285 -2.5132155
16.835865680215324 112.35445470913652 -2.3974714
16.835865682075653 112.35445469957278 -2.4615912
16.835859239054383 112.3544540747422 -2.365313
16.835852805351973 112.3544534011816 -2.5968723
16.83585279538425 112.35445345242485 -2.253312
16.835846352113272 112.35445282724766 -2.1616154
16.835839911233354 112.35445218863767 -2.1610446
16.8358399184018 112.35445215178507 -2.4081228
16.835833473091835 112.35445153551899 -2.2589502
16.835827031620486 112.35445089875533 -2.2483413
16.835814143950852 112.354449657704 -2.0141222
16.83580126465909 112.35444834989399 -2.2294357
16.835788378977732 112.35444708258125 -2.1791327
16.835775483387888 112.3544458739764 -1.7411267
16.83577549540037 112.35444580684279 -2.1905499
16.835769045228115 112.35444521398296 -1.8965737
16.835762610944723 112.35444452806863 -2.2262828
16.835756168511615 112.35444388882851 -2.2448895
16.835743274687342 112.35444266003698 -1.95309
16.835743275235934 112.35444265721658 -1.9719994
16.83573680814037 112.35444214305775 -1.1554447
16.835704602561048 112.35443889660388 -1.6198794
16.835665955528558 112.35443499702995 -2.2418149
16.835665927700315 112.35443514548155 -1.2471871
16.8356594611992 112.3544346224353 -0.5038574
16.835646563929604 112.35443339216407 -0.25553536
16.835511253135458 112.35441985881425 -2.0741403
16.835511231875152 112.35441996812938 -1.3412228
16.83550479363914 112.35441931516159 -1.592436
16.8354016791134 112.35440940655894 -2.0813122
16.835401655557796 112.35440952768191 -1.2692181
16.83539523412741 112.35440878288898 -2.1440897
16.83538878745664 112.35440817334351 -2.1130996
16.835375894687154 112.3544069569782 -2.0341825
16.83537588255948 112.35440701933938 -1.6160678
16.835369410732834 112.35440653945594 -0.71633303
16.835163148667338 112.35438701614623 0.21154971
16.835156695232275 112.35438645048423 0.546264
16.835150250706224 112.35438583942248 0.5773564
16.83514382281796 112.35438514322327 0.038416117
16.835098729543002 112.35438079132655 -0.21331486
16.83509871230699 112.35438087996582 0.38100484
16.835092251910645 112.35438034960467 0.96201265
16.83482841010086 112.35435402956051 -4.7386317
16.8348155011013 112.35435298428253 -3.3442469
16.834809077723524 112.35435229777649 -3.74214
16.834802631467223 112.3543517297668 -3.3434584
16.834776902771782 112.35434917640532 -3.6142004
16.83477689576234 112.35434921245701 -3.3724697
16.834770501791045 112.3543483797608 -4.7380357
16.834751176394345 112.35434662452722 -3.840741
16.834738312961694 112.35434536032288 -3.8628323
16.834738307384466 112.35434538900863 -3.6704907
16.83473188653416 112.35434469984997 -4.0604434
16.834725449713602 112.35434409373646 -3.891314
16.834719022186114 112.354343435712 -4.0673523
16.83471258294932 112.35434284385317 -3.7980866
16.834712581811296 112.35434284970653 -3.7588391
16.834706161519744 112.35434216132734 -4.1344547
16.834680432324017 112.35433966921808 -3.8614645
16.834468298770112 112.35431902742684 -0.636659
16.834468276717487 112.35431914086017 0.12393695
16.83446184735799 112.35431853836714 0.42053032
16.83446186607363 112.35431844209835 -0.22497389
16.83444911402618 112.35431668644001 -3.3153918
16.834449016841077 112.35431719171766 0.07193343
16.834307887246286 112.3543029966123 -0.16709793
16.83430789612812 112.35430295092512 -0.47344255
16.834307900495624 112.35430292845919 -0.62408257
16.834289183424872 112.35429817699578 -18.957146
16.834289178118436 112.35429820429164 -18.77412
16.834289194220183 112.35429812146567 -19.329487
16.83427587443344 112.35429932038132 -2.2631183
16.834269464574575 112.35429862751451 -2.3903136
16.834263047872163 112.35429797112828 -2.2702947
16.83425023763286 112.35429654807653 -2.7626743
16.8342438226351 112.35429588680556 -2.6677518
16.834237408808413 112.35429522082205 -2.601926
16.83423740614229 112.35429523453651 -2.5099673
16.83423102953989 112.35429437839228 -3.7167394
16.834224582965078 112.35429388351173 -2.498701
16.83417973480233 112.3542890275398 -3.2384224
16.83416045876551 112.35428726762706 -1.369568
16.834154040798936 112.35428664572497 -0.97873247
16.834154047856472 112.35428660942075 -1.2221605
16.834089951384648 112.35427999157837 0.13097438
16.834077140061112 112.35427864465136 0.26794937
16.83385323173269 112.35425461079146 0.49273315
16.833846821034975 112.35425402111653 1.1684648
16.833846821693157 112.35425401773078 1.1457629
16.833834030453616 112.35425268822466 1.4923353
16.833750968855725 112.35424379489103 2.1035457
16.833738211522622 112.35424235107605 1.6936586
16.83373183841465 112.35424159809524 1.281235
16.833725456517747 112.35424089200474 1.1832889
16.833693548812406 112.35423737759211 0.8011302
16.833617014155323 112.35422889309861 -0.47041395
16.833610602320327 112.3542283711484 0.6622816
16.833604239729752 112.35422759754643 0.107137926
16.833597844615078 112.35422699290754 0.6843409
16.83359149009561 112.35422618110462 -0.12806511
16.833585080295727 112.35422565531768 0.9766504
16.833553187546617 112.35422224736011 1.2667164
16.833540427865678 112.3542209089382 1.5434574
16.83353404148431 112.35422028081015 1.9553419
16.833527692907094 112.35421945485814 1.0406396
16.833521319278454 112.35421876936967 1.065456
16.833514945147368 112.35421807810714 1.0520014
16.833508588787982 112.35421729704468 0.43548048
16.833508549156527 112.35421750090454 1.8023485
16.83345758803302 112.35421187679347 1.0185947
16.833451218750525 112.35421117654832 0.9340048
16.83345119557908 112.354211295738 1.7331612
16.833451219977068 112.35421117023921 0.8917028
16.83341935555959 112.3542077850572 1.2276067
16.833323833862288 112.3541974943931 1.1088421
16.83332384065972 112.35419745942971 0.87441754
16.833317459026865 112.35419685396415 1.3936872
16.83320928749069 112.3541851685292 0.5907041
16.83320927482535 112.35418523367206 1.0274755
16.83320291463086 112.35418454279029 0.9384733
16.833202911919997 112.35418455673327 1.0319585
16.83318383449405 112.35418247542563 0.6937302
16.833132934249765 112.35417712304817 1.0174308
16.833132967391172 112.35417695259423 -0.12542985
16.83312660313899 112.35417629712933 -0.0043550357
16.833050107078815 112.35416814567074 0.34737772
16.833043774365525 112.35416740789373 -0.18059361
16.833043746010347 112.3541675537272 0.79718715
16.83303106158451 112.35416617893084 0.4088798
16.833018375066292 112.35416481877444 0.10816846
16.833011986052732 112.3541643753984 1.5408883
16.833012030824733 112.35416414513625 -0.0029682592
16.833005697457132 112.35416341646247 -0.4857452
16.832999311129722 112.35416296102062 0.8607992
16.832999324437708 112.35416289257822 0.4019082
16.832992965338025 112.3541622979392 0.8125299
16.83294218710734 112.35415708579801 0.9513249
16.832929498112623 112.35415575945531 0.80368125
16.832929492082762 112.35415579046517 1.0115957
16.832916806932538 112.35415444648888 0.7352825
16.832827927327777 112.3541455246223 1.7680213
16.832827962090924 112.3541453458573 0.569437
16.832827957621028 112.35414536884315 0.7235526
16.832815260381746 112.354144096236 0.84356093
16.832751774041824 112.35413773167821 1.2836593
16.832751801031286 112.35413759289543 0.35314527
16.832739105073824 112.35413631144421 0.35436633
16.832720068453433 112.35413434946939 0.07121783
16.832643877540722 112.35412670533742 0.090063564
16.832637508608876 112.35412616952482 0.75465626
16.832637527751924 112.35412607109664 0.09470875
16.832637537976733 112.35412601852354 -0.2577866
16.832631168612302 112.35412547431712 0.34953347
16.832567634069576 112.35411922450506 0.8781455
16.832561267234535 112.35411866293869 1.3443303
16.83256129152325 112.35411853805898 0.5070247
16.832485031698237 112.35411098405744 0.47384223
16.83242145388074 112.35410470995895 0.3680887
16.832415124555638 112.35410392654721 -0.69842815
16.832402408315474 112.35410265208878 -0.87671214
16.8323960356096 112.35410208754043 -0.48119295
16.83238967373441 112.35410146574876 -0.47124365
16.832383311236384 112.35410084557637 -0.4521766
16.83230060684185 112.35409259411209 -1.6249269
16.832294232795693 112.35409200918215 -1.3922765
16.8322942477817 112.3540919321436 -1.908823
16.832281518569257 112.35409065426784 -2.1715918
16.832281497615636 112.35409076735931 -1.4139835
16.83227513895905 112.35409009769883 -1.7539161
16.83227514049553 112.3540900898003 -1.8068762
16.832256042810855 112.35408817557668 -2.1993046
16.832243305280503 112.35408692775624 -2.2790987
16.83224331255348 112.35408689036893 -2.5297835
16.832236968964565 112.35408614153012 -3.4103277
16.832236957364128 112.3540862011629 -3.0104854
16.832230576981217 112.35408562913463 -2.7055378
16.832217827713013 112.35408442069775 -2.5314863
16.8322114598954 112.35408377838314 -2.7018647
16.832198696033064 112.35408263804871 -2.079635
16.83219234442906 112.35408190080321 -2.8896742
16.832185948708585 112.35408139899137 -2.123695
16.83217959389498 112.35408067403787 -2.8537745
16.832166838029853 112.35407946618344 -2.6958907
16.83216683088109 112.35407950293106 -2.4494934
16.832166834755657 112.35407948301413 -2.5830388
16.83216046682004 112.35407882448186 -2.871994
16.832160460158992 112.35407885872233 -2.6424072
16.832147713217218 112.35407759704677 -2.852984
16.832071099587097 112.3540704943212 -1.0691
16.832013627692756 112.35406502068027 -0.80323327
16.832007250455728 112.35406435524328 -1.1614212
16.832007263266554 112.35406428939362 -1.6029592
16.832000857292545 112.35406376928371 -0.987434
16.831988097942602 112.35406245152058 -1.6195315
16.831853898511277 112.35404919006315 -4.540606
16.831834698444876 112.35404735482885 -4.576147
16.831834699992573 112.35404734687368 -4.62949
16.831834701784032 112.35404733766562 -4.691233
16.831828291737533 112.3540467725098 -4.391269
16.8318154944373 112.35404551764137 -4.6273184
16.831809105868157 112.354044844682 -5.0521817
16.831809094483223 112.35404490320036 -4.6597934
16.831802716452025 112.35404416362229 -5.5303583
16.83180268759621 112.35404431194073 -4.535825
16.831802733993317 112.35404407346029 -6.13493
16.83179628961011 112.35404367746324 -4.7024574
16.831789891122643 112.35404303810623 -4.901383
16.831783481333865 112.35404245437844 -4.727458
16.831777367743857 112.35404191067785 -4.5198436
16.8317709452085 112.35404128694813 -4.5993614
16.83177092234187 112.35404140447952 -3.811264
16.83177095223952 112.35404125080969 -4.841685
16.831764520286487 112.35404067297573 -4.613561
16.831758101627926 112.35404002933733 -4.827392
16.831758098284816 112.35404004652054 -4.712171
16.831751664892764 112.3540394711373 -4.467793
16.831745237514088 112.35403886241015 -4.4470706
16.83174523459857 112.35403887739555 -4.346587
16.83174527268207 112.35403868165056 -5.6591434
16.83173881405247 112.35403823113867 -4.5775757
16.831738816761295 112.35403821721557 -4.670936
16.831738812684986 112.35403823816739 -4.530445
16.831732383355185 112.35403763467191 -4.4747443
16.831725956111125 112.35403701809551 -4.506789
16.831725959773237 112.35403699927257 -4.6330056
16.831713097959188 112.35403579679529 -4.4914484
16.831713104767665 112.35403576180018 -4.726107
16.831713114421916 112.35403571217803 -5.0588465
16.83169381094844 112.35403394631352 -4.5925345
16.83168738552293 112.35403330676878 -4.7785225
16.831687394768764 112.35403325924554 -5.097189
16.831687380465954 112.35403333276146 -4.604229
16.831674515349096 112.35403212048985 -4.527981
16.831674522948372 112.35403208142971 -4.7898984
16.831674514809574 112.35403212326295 -4.5093856
16.83166809698617 112.35403143818873 -5.000469
16.831668099071624 112.35403142746952 -5.072347
16.83164878843073 112.35402965362474 -4.6582174
16.831648792663266 112.35402963186942 -4.804098
16.83164878500593 112.35402967122825 -4.540177
16.831642352533233 112.35402905322294 -4.581089
16.831642351531112 112.35402905837387 -4.5465493
16.831629496699968 112.35402776945664 -4.9833183
16.83162305122432 112.35402721240445 -4.6150503
16.831616637274013 112.35402649140464 -5.3459625
16.831610178292188 112.35402599999256 -4.537178
16.831610202587036 112.3540258751151 -5.374549
16.831597312774246 112.354024742074 -4.7636538
16.83159732696448 112.35402466913477 -5.252752
16.831597318010523 112.35402471515903 -4.9441338
16.83159731168202 112.35402474768813 -4.726008
16.83159730721021 112.35402477067373 -4.571877
16.831584450396075 112.35402347088859 -5.079424
16.83157801675203 112.35402284027565 -5.2029424
16.831578008238594 112.3540228840358 -4.9095054
16.83157159325389 112.35402216082605 -5.6542926
16.8315651356287 112.35402165009428 -4.973413
16.83156515595149 112.35402154563197 -5.6738925
16.831552250832694 112.35402046214848 -4.7265477
16.831545867934544 112.3540195570687 -6.688452
16.831545815409818 112.35401983243122 -4.842659
16.831545843480352 112.35401968814331 -5.8101945
16.831545814463837 112.35401983729375 -4.810053
16.831545825329858 112.35401978144031 -5.184583
16.83153938584814 112.3540191710236 -5.17096
16.831539386010522 112.35401917018892 -5.1765566
16.831539383299035 112.35401918412651 -5.083097
16.831532949848928 112.35401854619604 -5.2542562
16.83153294114162 112.35401859095346 -4.954131
16.831526507381174 112.35401794809052 -5.1574183
16.831526506174974 112.35401795429067 -5.1158423
16.831526540302225 112.35401777886881 -6.2921515
16.831526511954277 112.35401792458372 -5.3150454
16.83152008372881 112.35401725179442 -5.71866
16.831520066149302 112.35401734215733 -5.1127214
16.83150718388295 112.35401612464109 -5.0600433
16.83149431363078 112.35401484014925 -5.455046
16.83149430857637 112.35401486613038 -5.2808266
16.83149431076097 112.35401485490091 -5.356127
16.831481437747613 112.35401357929145 -5.689965
16.831468527431777 112.35401249035577 -4.770346
16.831468586659295 112.35401218053035 -6.8472505
16.83146854439785 112.3540124031443 -5.355156
16.831468543918845 112.35401240560654 -5.338645
16.831462086474318 112.35401187106488 -4.811614
16.83143634430568 112.35400927608873 -5.762674
16.83142990321562 112.3540086518828 -5.8345313
16.831423473683927 112.35400796220529 -6.344303
16.83117216490757 112.35398365911327 -8.362343
16.831165684433316 112.35398321957423 -7.1677485
16.831165679711503 112.35398324384919 -7.004964
16.831030355319303 112.35397017586965 -7.4472804
16.831023916763048 112.35396953102799 -7.609106
16.83101747419772 112.353968907564 -7.626583
16.830998143595355 112.35396705695925 -7.540323
16.830991698316534 112.35396645075848 -7.438016
16.83098525818654 112.35396581897498 -7.5062494
16.8309723730788 112.35396458274809 -7.456221
16.830965932252823 112.35396395735619 -7.4785132
16.830959494769512 112.35396331576338 -7.6084127
16.830953059489897 112.3539626638492 -7.806486
16.83095304887405 112.35396271843062 -7.440464
16.830940180097567 112.35396142363737 -7.77475
16.830927288763043 112.35396023405876 -7.3973866
16.830882219332945 112.35395584878432 -7.5299983
16.830882246481387 112.35395570919658 -8.466077
16.830869372328774 112.35395445289032 -8.516826
16.83086289973606 112.35395400931881 -7.302747
16.830862904609454 112.35395398426137 -7.4707828
16.83085004502177 112.35395266606437 -7.9306107
16.83083716655063 112.35395144042958 -7.76404
16.830830713060752 112.35395090553583 -7.15684
16.83083072148222 112.35395086223483 -7.4472184
16.83079855439339 112.3539476987272 -7.674583
16.830792145684764 112.35394694215347 -8.547174
16.830792119645693 112.35394707604154 -7.6493115
16.83078568482048 112.35394645564861 -7.60761
16.830779270410268 112.35394573185441 -8.258193
16.830766389377054 112.35394455751407 -7.723524
16.8307664051146 112.35394447659387 -8.266182
16.8307213749081 112.3539401587998 -7.7529016
16.83071494522322 112.35393953017304 -7.753833
16.830708515169732 112.35393890519273 -7.7291555
16.83070852375795 112.35393886103259 -8.025299
16.830695660923116 112.35393763041175 -7.8427787
16.830695655623895 112.35393765766015 -7.660048
16.830682812816654 112.35393633124028 -8.115332
16.830676399237156 112.35393563052759 -8.592731
16.830676385315826 112.35393570211093 -8.112684
16.830567200177597 112.35392487947126 -8.74442
16.830560808383332 112.35392410167903 -9.717716
16.83056081990233 112.35392404244693 -10.114938
16.830528623519395 112.35392141046817 -6.535014
16.830522178938523 112.35392091649169 -5.597981
16.830522172818895 112.35392094795978 -5.3869495
16.830483410640024 112.35391696918788 -6.6957436
16.83047702630862 112.353916286535 -7.005757
16.830477021868557 112.35391630936715 -6.852639
16.83046422829545 112.35391507904846 -6.5639687
16.83046421241364 112.35391516071735 -6.0162783
16.830457844961604 112.35391439236022 -6.896893
16.830451483442783 112.35391360598497 -7.8985023
16.830451448913074 112.35391378354635 -6.7077346
16.83043867440325 112.35391247178917 -6.955959
16.83042584575506 112.35391145169899 -5.244239
16.8304258841137 112.3539112544489 -6.567046
16.83042591336567 112.35391109865022 -7.6111946
16.830419485247333 112.35391066546954 -6.2385345
16.830406719460925 112.35390932387259 -6.6748524
16.830393926397758 112.35390814118648 -6.0423436
16.830387523968763 112.3539075803912 -5.5192194
16.830387560088905 112.35390738927595 -6.800212
16.830374763234783 112.35390623762773 -5.952894
16.83036834272053 112.3539057755126 -4.7646837
16.830368358480932 112.35390569446943 -5.308181
16.830355648645206 112.35390410077106 -7.4180746
16.830349242496634 112.35390357566128 -6.649728
16.830349268503777 112.35390343655045 -7.581967
16.83027270656346 112.35389561078743 -8.495369
16.83026630426899 112.35389508708093 -7.7038984
16.830259933206474 112.35389439930128 -8.011092
16.830259917743383 112.35389447881346 -7.4778605
16.83024717691325 112.35389309566668 -8.1394
16.830183418274242 112.35388657460086 -8.745344
16.830177035120933 112.35388596649855 -8.505479
16.830170653735617 112.35388535048686 -8.3177185
16.830170682003963 112.35388520513314 -9.292506
16.83016428476499 112.35388467179726 -8.549363
16.830157908119098 112.35388403370695 -8.507809
16.83015155294241 112.3538832863335 -9.198222
16.830145168527064 112.35388269038751 -8.872199
16.830138784530973 112.35388209334654 -8.552611
16.830126013245497 112.35388092426302 -7.743728
16.830126042251113 112.35388077512053 -8.743927
16.83011329180346 112.35387949288388 -8.689035
16.830113290938506 112.35387949733132 -8.65921
16.830113284359186 112.35387953116101 -8.432337
16.830106887833644 112.35387900348258 -7.6431274
16.830087795485834 112.35387693088136 -8.554131
16.83007505593434 112.3538756182321 -8.694746
16.830068680489283 112.3538749868792 -8.595615
16.83006868742021 112.35387495124215 -8.83461
16.830062315132032 112.35387430482204 -8.835752
16.830055941391755 112.35387366660972 -8.781021
16.83004319953694 112.35387236338417 -8.848842
16.830030443192644 112.35387113732699 -8.395912
16.830030448430232 112.35387111039701 -8.576513
16.83001770851004 112.35386980236134 -8.67018
16.83001134469378 112.35386911761806 -8.921894
16.830011348382673 112.35386909865107 -9.049093
16.830004969287216 112.35386849798806 -8.736807
16.829903035426973 112.35385818430379 -8.345051
16.829903018442074 112.35385827163033 -7.7594066
16.829890291596346 112.35385690975006 -8.1852865
16.829883924843664 112.35385624625273 -8.280307
16.82988390263154 112.35385636045386 -7.5144315
16.829883926674288 112.35385623684071 -8.343427
16.829877520281762 112.35385577719612 -7.0706954
16.829871192796215 112.35385491686259 -8.485152
16.829864802014452 112.35385437698248 -7.7492547
16.82985844946911 112.35385365044509 -8.265832
16.829845699466706 112.35385240820476 -7.880633
16.829839338837793 112.35385171306102 -8.183565
16.829832964798683 112.35385108674387 -8.024331
16.82982659917903 112.35385041699688 -8.155772
16.829826595366452 112.35385043659839 -8.024318
16.82981387162887 112.35384905801232 -8.547648
16.829775626679456 112.35384530044288 -7.568782
16.829769271248214 112.35384457597017 -8.062316
16.8297629157927 112.3538438512459 -8.557026
16.829762907184904 112.35384389549985 -8.2602415
16.829762911327713 112.35384387420106 -8.403079
16.829756538141417 112.35384323525717 -8.321358
16.829641877992266 112.35383145558245 -8.655508
16.82963547604406 112.35383095769298 -7.620239
16.82962912036513 112.35383022110474 -8.185419
16.829584513484463 112.35382564214083 -8.261487
16.829578147816658 112.35382494952849 -8.529098
16.829571763360285 112.3538243524951 -8.155417
16.82956539339174 112.35382367995426 -8.2878275
16.829565391322216 112.35382369059322 -8.216478
16.829559014242584 112.35382305356175 -8.110462
16.82955265160606 112.35382234619601 -8.476511
16.82955267168754 112.35382224296178 -9.168843
16.829546273507525 112.35382170727257 -8.381979
16.829444260468925 112.3538112191472 -8.628571
16.82939319028341 112.35380618268981 -7.3436747
16.829380428353332 112.35380488262018 -7.2962446
16.829380431478324 112.3538048665561 -7.4039774
16.82938041178314 112.3538049677995 -6.7249947
16.829182623100735 112.35378479561082 -6.055382
16.829176227473074 112.35378406737598 -6.5598135
16.82916980223987 112.35378349454531 -6.022774
16.829131351596217 112.35377950761716 -6.491419
16.82912491540526 112.3537789790114 -5.658524
16.82906720352134 112.35377305384851 -6.000276
16.82900946099035 112.35376715660671 -6.1667295
16.828958110487072 112.3537619514958 -6.0812297
16.828958093336198 112.35376203965913 -5.4899635
16.82895168913664 112.35376130684732 -6.0311356
16.82894528832099 112.35376055002315 -6.7328863
16.828938848885745 112.3537600012491 -6.040921
16.828829697802576 112.35374876890846 -7.065794
16.82882969486218 112.35374878402394 -6.9644217
16.828823280817772 112.35374808038799 -7.314759
16.82882326653281 112.35374815382168 -6.822275
16.828810414011937 112.35374687490349 -6.6636252
16.828803998873408 112.3537461736075 -6.999001
16.828797574760213 112.35374551832753 -7.0261226
16.828791180276546 112.35374470992754 -8.08042
16.828778314313293 112.35374349663945 -7.484999
16.82877829079852 112.35374362289762 -6.638923
16.828778289910982 112.35374362746023 -6.6083236
16.828733323440357 112.35373898682694 -7.171314
16.828733309895018 112.35373906183635 -6.668937
16.828726885077938 112.3537383969929 -6.762666
16.828688328011626 112.35373447532801 -6.884041
16.82862404152743 112.3537280263766 -6.5259657
16.828611183726228 112.35372673405816 -6.474966
16.828611184591438 112.35372672961019 -6.5047965
16.828604748472838 112.35372612016674 -6.233541
16.828546912348656 112.35372017921804 -6.865977
16.828546896098647 112.35372026813675 -6.270315
16.828546888294788 112.3537203082569 -6.0012474
16.828534050734074 112.35371890262122 -6.71733
16.828527590254787 112.35371842218782 -5.585447
16.828514739482113 112.35371708971101 -5.81354
16.828514769215772 112.35371693147033 -6.8741136
16.82850834704337 112.3537162487319 -7.0993147
16.828508346201964 112.35371625305764 -7.070304
16.82850190008556 112.35371569883478 -6.4346156
16.82848262359143 112.3537137020952 -6.767953
16.828469771083107 112.35371237445143 -6.96763
16.828469772106004 112.35371236919252 -7.002899
16.828463360240878 112.3537116341155 -7.581438
16.828450492508715 112.35371039069422 -7.218919
16.82841834009924 112.35370720362269 -6.845636
16.828283338986715 112.35369371974403 -6.026915
16.828270491318477 112.35369239635142 -6.2192125
16.828270486354217 112.35369242187525 -6.0480347
16.828219085752664 112.35368721104828 -6.2756734
16.828064932460038 112.35367164713573 -6.6165223
16.828019965129013 112.35366724022612 -5.857491
16.828019974923173 112.35366718986604 -6.1952386
16.828007142569472 112.35366586110534 -6.44786
16.827923508275326 112.35365744616534 -6.50446
16.82792350275804 112.35365747453532 -6.314192
16.827917113441295 112.3536567706337 -6.7187614
16.827789121788342 112.353643797434 -7.4179068
16.827789098183118 112.35364392418951 -6.5684705
16.827789099220936 112.35364391885304 -6.604261
16.827763509177153 112.35364133968636 -6.6491733
16.827763505784915 112.35364135712922 -6.532189
16.827757104830923 112.35364073131674 -6.416305
16.827725110427533 112.35363756313401 -6.100995
16.827725123472174 112.35363749605864 -6.5508513
16.827718716475125 112.35363690705539 -6.1887875
16.827712324279325 112.3536362428575 -6.331133
16.82769953877283 112.3536349328767 -6.493887
16.82769314215619 112.35363429407487 -6.466181
16.827686745398772 112.35363365685969 -6.427915
16.827680353150324 112.35363299730977 -6.5395203
16.82768032733784 112.35363313003668 -5.649356
16.827680361340395 112.35363294981943 -6.85735
16.82752049717097 112.35361700687935 -6.000565
16.827450198747577 112.35360989924038 -6.2440104
16.82744381240493 112.35360923134223 -6.411432
16.827437426457408 112.35360856174402 -6.590171
16.827424466301125 112.35360819686682 -0.41348043
16.827424455478017 112.35360825251718 -0.040243592
16.827418044589553 112.35360771206994 0.64748925
16.827405461731495 112.35360540313013 -6.2129817
16.8273990608698 112.35360481191148 -5.865452
16.82739268096975 112.35360410815343 -6.271947
16.827322392647048 112.35359700035298 -6.4934993
16.827315976380945 112.35359649027816 -5.5999885
16.82730961732466 112.35359568609799 -6.6788325
16.82721376334611 112.35358604234291 -6.618167
16.82720735570994 112.35358548692976 -6.0255127
16.827207364919108 112.35358543957953 -6.343084
16.826932564339245 112.3535574986686 -7.833781
16.826932531014506 112.35355767538324 -6.6492443
16.826919784678886 112.35355617079738 -8.080157
16.82690698348781 112.3535549458858 -7.63404
16.826894194756324 112.3535536540961 -7.635154
16.826868584423554 112.35355123615575 -6.5231338
16.826868614871444 112.35355107423335 -7.6084623
16.82686859779975 112.35355116200634 -7.0197744
16.82686221796968 112.35355043732352 -7.54692
16.826862199539317 112.35355053208193 -6.911381
16.826862206310096 112.35355049727043 -7.14486
16.826849421097187 112.35354917698072 -7.332432
16.826843022015577 112.3535485489602 -7.2102513
16.8268366362609 112.35354786162412 -7.4868484
16.82683021909654 112.3535473249898 -6.751062
16.826817434945625 112.35354599593227 -6.994608
16.826593528466873 112.35352335258025 -6.9518485
16.82659353107218 112.35352333918544 -7.0416875
16.826580717366475 112.35352199593001 -7.3370457
16.826567886542566 112.35352073696488 -7.065735
16.826561477607495 112.3535200778145 -7.129217
16.826561469093694 112.35352012158708 -6.835634
16.826471709351303 112.35351090977433 -7.573082
16.826465292763213 112.35351027218533 -7.4867125
16.826465291649914 112.35351027790928 -7.448322
16.826375464282506 112.35350127356382 -6.738065
16.826369061894862 112.35350054178615 -7.278213
16.826362638558525 112.3534999274637 -7.031681
16.826317729717704 112.35349533480472 -7.2615943
16.826311312597948 112.35349468374767 -7.259727
16.826304895225388 112.35349402842685 -7.2856083
16.826292070682488 112.35349267876241 -7.600476
16.825971159349663 112.35345993416689 -8.619178
16.825971163491648 112.35345991286904 -8.762024
16.825958321927438 112.35345862092908 -8.680877
16.825919821422485 112.35345462248559 -9.261029
16.825906971818405 112.35345337359227 -8.892091
16.82588131628623 112.35345065829515 -9.614747
16.825881312872674 112.35345067584785 -9.49702
16.825868486082086 112.35344930686927 -9.9339485
16.825797876887897 112.35344214706777 -9.871405
16.825791475689112 112.35344140599489 -10.471401
16.82579149777752 112.35344129241295 -11.233206
16.82579148036225 112.35344138196486 -10.632572
16.825791464061233 112.35344146578716 -10.070368
16.825785055609316 112.35344076237521 -10.417937
16.825778622812287 112.35344018452479 -9.923525
16.82565671376929 112.35342769020947 -10.733061
16.8256567271408 112.3534276214493 -11.1942425
16.825650300262282 112.35342702286562 -10.843343
16.825643887496035 112.35342635230329 -10.975483
16.825611812994737 112.35342306857217 -11.177749
16.825598981596382 112.3534217657601 -11.188827
16.82559897687455 112.35342179004141 -11.025969
16.825592551345114 112.35342119018094 -10.686246
16.82551560219767 112.35341324798257 -11.625771
16.825515590822622 112.35341331185546 -11.198042
16.825515606462286 112.35341322605218 -11.772861
16.82548994543853 112.35341065792035 -11.565334
16.825483533795882 112.35340999931573 -11.625551
16.825477117394954 112.35340936599982 -11.516541
16.825470705375782 112.3534087109783 -11.553507
16.825464291742644 112.35340806509157 -11.529601
16.825457889013474 112.35340736397433 -11.876535
16.825393757321045 112.35340094264248 -11.413371
16.825393765936514 112.35340089833747 -11.710531
16.82538734523987 112.35340029936332 -11.377065
16.825380933896003 112.35339965286303 -11.362758
16.82538093081179 112.35339967410137 -11.220984
16.825374519062613 112.35339902596633 -11.217504
16.82534887161231 112.35339640431395 -11.547554
16.82534244634928 112.35339584562209 -10.936603
16.82534245303232 112.35339581125442 -11.167112
16.82533603755589 112.35339519782688 -10.923085
16.825329619280925 112.3533945997657 -10.576477
16.825316813218507 112.35339325981698 -10.850706
16.825316807837545 112.3533932874888 -10.665106
16.8252591328489 112.35338751241468 -10.211225
16.825246327466072 112.35338618110993 -10.437822
16.82523992353316 112.3533855233876 -10.49878
16.825239921352715 112.35338553460063 -10.423573
16.82514384420681 112.3533758875546 -9.94215
16.825143855075268 112.35337583166277 -10.317029
16.825143867234008 112.35337576913548 -10.736412
16.825137458525656 112.35337515285907 -10.529184
16.825137465112814 112.35337511898412 -10.756391
16.82509265230719 112.35337060258854 -10.684314
16.825092652174508 112.35337060327085 -10.679737
16.82508624934455 112.3533699653977 -10.622742
16.82504785955356 112.35336602113162 -11.0804
16.825041464444833 112.35336534577607 -11.279073
16.82504146365969 112.35336535519156 -11.216597
16.824996661346503 112.35336088838385 -10.884618
16.82489435395424 112.35335037322396 -12.313198
16.824887956361895 112.35334974191416 -12.235439
16.824881555656148 112.35334912767433 -12.04399
16.824785662262766 112.35333943621987 -12.475013
16.824785661660716 112.35333943931589 -12.4542465
16.824779236813043 112.3533389657623 -11.332289
16.82477289207135 112.35333808626307 -12.934603
16.824715497496648 112.3533316659192 -17.358345
16.82471545739567 112.353331872135 -15.975193
16.824574806940785 112.35331834135839 -12.570553
16.824568401425914 112.35331779867116 -11.940131
16.824562015245885 112.353317157368 -11.972001
16.824549253019512 112.35331583003818 -12.33887
16.824472599307537 112.35330831278051 -11.609683
16.824402389604135 112.35330123549855 -12.297023
16.82440241482368 112.35330110581747 -13.166849
16.824396002985985 112.35330061459985 -12.213258
16.824395972874953 112.35330077481049 -11.139331
16.824153465415236 112.35327657995036 -12.533601
16.824076754997556 112.35326891996554 -12.699903
16.82400666202298 112.3532620639301 -12.849521
16.824000289616492 112.35326143949985 -12.873263
16.823993917164625 112.35326081005805 -12.930368
16.823789953616302 112.35324079163361 -14.048385
16.823758061014313 112.35323770260432 -13.960671
16.823758077823555 112.35323761618713 -14.540338
16.823751694109397 112.35323702130513 -14.368304
16.823738940871706 112.35323576076513 -14.499009
16.823738928207217 112.3532358258735 -14.062277
16.823547481662228 112.35321693824507 -15.678778
16.82354747764208 112.35321695891156 -15.54015
16.823541099083272 112.35321628279331 -15.896603
16.82336849154304 112.3531994433389 -15.738274
16.82335568784691 112.35319822542525 -15.501975
16.823355694156923 112.35319819298816 -15.719563
16.823214826361653 112.35318432770217 -15.975266
16.823214811447528 112.353184409745 -15.425593
16.82320840385778 112.35318377544098 -15.451299
16.82318918047444 112.35318186109006 -15.597928
16.82318276196243 112.353181273184 -15.307559
16.823176354923525 112.3531806238494 -15.428036
16.823125040690204 112.35317564821658 -14.879162
16.823112213091203 112.3531743771063 -14.912188
16.82301594427431 112.35316481070817 -15.213939
16.823015937333942 112.35316484638642 -14.974603
16.823015937108185 112.35316484754699 -14.966818
16.823009511598247 112.35316422350469 -14.883861
16.82284881898152 112.35314824881603 -14.91015
16.82281051393672 112.35314454683532 -15.019442
16.822804051871213 112.35314392929106 -14.781155
16.822797596785033 112.35314327854219 -14.76497
16.82275240133216 112.35313867515319 -14.935454
16.822745945412702 112.35313800591194 -15.033011
16.822739475538047 112.35313741644455 -14.595619
16.82272655857914 112.35313609410757 -14.676924
16.82266839745494 112.3531302343559 -14.384693
16.8226683564477 112.3531304451902 -12.970365
16.822661935736516 112.35312957083913 -14.430946
16.822655443640645 112.35312906190204 -13.439396
16.822649022717126 112.35312818546815 -14.912282
16.82264902391702 112.35312817929892 -14.953667
16.822649011266453 112.35312824434135 -14.517346
16.822642545712863 112.35312759583896 -14.460409
16.822636086508652 112.35312690814523 -14.66494
16.822623157744175 112.35312559681377 -14.644012
16.82261022069424 112.35312431748784 -14.404866
16.822597296372795 112.35312296746515 -14.637283
16.82259729509439 112.35312297403827 -14.593189
16.822584351559293 112.35312171784851 -14.19364
16.822577886002207 112.35312105605439 -14.219041
16.822577885843312 112.35312105687142 -14.21356
16.822526154619833 112.35311576483717 -14.383494
16.82252616622024 112.35311570518833 -14.783633
16.82251971547612 112.35311496850763 -15.308448
16.822409715926824 112.35310391383209 -14.316832
16.822403277735745 112.35310309890818 -15.362743
16.822396787401505 112.35310254694569 -14.644022
16.822345000658277 112.35309743201194 -13.588885
16.822345024306447 112.35309731039571 -14.404717
16.822345024446534 112.35309730967529 -14.409551
16.822338534622975 112.35309675558331 -13.706442
16.82185391061133 112.35304740250264 -15.423225
16.821847479487857 112.3530466506195 -16.121002
16.821847481513625 112.35304664019772 -16.190916
16.82184099832058 112.35304616943087 -15.005842
16.82178906707343 112.35304280067885 -2.914639
16.82178296608095 112.35304037062225 -14.886061
16.82177007492629 112.35303908535762 -14.855487
16.82176362939143 112.35303844671236 -14.816086
16.821757192647908 112.35303776555607 -15.063613
16.82175074806692 112.353037127458 -15.02405
16.82174429283635 112.35303654690273 -14.600241
16.821744294742448 112.35303653709607 -14.666027
16.821737857918357 112.35303586460878 -14.860704
16.821409991647467 112.35300358745174 -13.841935
16.821237541192435 112.3529870771739 -13.12348
16.821148269114524 112.35297837596738 -14.093492
16.82114828693031 112.35297828430512 -14.708421
16.82114189438397 112.35297775631143 -14.158653
16.82113551647525 112.35297715946449 -14.07243
16.82113551710611 112.35297715621874 -14.094205
16.82112276208888 112.35297595275087 -13.9890995
16.820899755879385 112.35295450006609 -15.258139
16.820887019175316 112.35295326149777 -15.432977
16.820874285135833 112.35295201483738 -15.663477
16.820861545887546 112.3529507899939 -15.74751
16.82079145176663 112.3529442064995 -15.187241
16.820778718182076 112.35294295431144 -15.455257
16.820778714805613 112.35294297168042 -15.33873
16.82076597926212 112.35294172313013 -15.581089
16.820746858738268 112.35293993058544 -15.403851
16.82074050026113 112.35293926139444 -15.825953
16.820734128286965 112.35293865611584 -15.8183775
16.82049826141261 112.35291618349127 -15.680761
16.820498256661203 112.35291620793026 -15.516795
16.820491917371744 112.35291538885367 -16.917871
16.820485497560696 112.35291499317536 -15.478631
16.820408916879103 112.35290770855124 -15.13291
16.82040253293677 112.35290709643358 -15.129849
16.820402537011635 112.35290707547507 -15.270466
16.819484881760864 112.35281647793425 -16.437654
16.81948489251872 112.352816422595 -16.808962
16.819478478914107 112.35281569147214 -17.351841
16.819478470627452 112.35281573409948 -17.065828
16.81947203788103 112.35281509683284 -16.977005
16.81945274397099 112.352813160454 -16.867037
16.819452726449317 112.35281325058789 -16.26227
16.819446322396974 112.35281246760097 -17.146032
16.819382007367206 112.35280608714089 -16.19135
16.819369165681838 112.35280470867743 -16.672886
16.819369173934486 112.35280466622348 -16.957737
16.819362745365044 112.35280401790831 -16.922249
16.819356317844413 112.35280336500428 -16.916418
16.819356326038847 112.35280332284967 -17.199263
16.819349883544703 112.35280275282517 -16.636871
16.81934987978341 112.35280277217446 -16.507044
16.81929847993038 112.3527974832671 -16.853035
16.819298478524292 112.35279749050058 -16.8045
16.819292054871983 112.35279682687076 -16.859917
16.81928562872658 112.35279617709173 -16.82139
16.81923422995783 112.3527909742347 -16.51048
16.819221383157092 112.35278966776455 -16.46177
16.818708956202883 112.35273701440029 -14.873991
16.818696200944004 112.35273566069874 -15.0436325
16.81869620166679 112.35273565698024 -15.068583
16.818530397664524 112.3527184541688 -14.818262
16.81852400298059 112.35271789138064 -14.153908
16.8185176314451 112.35271721578955 -14.247974
16.81840928615597 112.35270602472886 -14.021804
16.81840930891894 112.3527059076305 -14.807493
16.818402929111194 112.3527052882056 -14.542564
16.818377434350513 112.3527026854151 -14.332946
16.818377430328415 112.35270270610553 -14.19412
16.818371075302355 112.35270196698144 -14.738777
16.81837107529423 112.35270196702321 -14.738497
16.818364701053806 112.35270132226782 -14.650513
16.818294630184635 112.3526940227473 -15.155706
16.818281880349446 112.35269275002078 -14.899225
16.81828187723363 112.35269276604858 -14.791685
16.818275535171235 112.35269196607094 -15.763947
16.818269126984287 112.3526915015094 -14.48641
16.818269142082368 112.35269142384485 -15.007513
16.81826276447417 112.35269080222099 -14.785206
16.81821179060607 112.35268559391217 -14.637171
16.818007886241098 112.35266479680355 -14.80422
16.817995139186472 112.35266350229635 -14.835708
16.81762517615317 112.35262668731941 -13.673077
16.81762519568446 112.35262658687168 -14.347065
16.817612393922587 112.3526253728181 -14.155132
16.817612380582244 112.35262544142627 -13.694782
16.817605969307387 112.35262488652502 -13.251621
16.817298606917838 112.3525952377909 -13.852949
16.817292212217296 112.3525945542804 -14.334361
16.817292209137957 112.3525945701169 -14.228097
16.817285813489658 112.35259389076056 -14.682446
16.817285806353457 112.35259392746079 -14.436184
16.81695252467646 112.35256146287114 -19.51387
16.81693969121898 112.35256027268156 -19.32483
16.816785757169278 112.35254553486934 -20.006222
16.816785779192436 112.35254541622729 -20.801687
16.816785759517746 112.35254552279127 -20.087273
16.816427216060205 112.35250785828863 -42.0076
16.816427255525795 112.35250764993613 -43.405106
16.816420804324157 112.3525072383248 -42.015045
16.816003925586113 112.35246957747768 -20.150515
16.815991135086197 112.3524682553085 -20.469622
16.81599113460155 112.35246825780104 -20.452894
16.815581826292785 112.3524263664938 -26.00123
16.81526825858454 112.35239501451558 -23.88385
16.815255450980256 112.3523937667125 -23.573238
16.81518505363308 112.3523866571369 -23.51969
16.815185064928478 112.35238659904681 -23.90954
16.815178632746875 112.35238612700886 -22.736382
16.815044225102188 112.35237253239377 -22.756054
16.815031403564195 112.35237130761811 -22.325565
16.814928911480767 112.3523610589115 -21.938381
16.814820006043032 112.3523500975493 -22.082169
16.81480717587811 112.35234889228371 -21.538832
16.814807193929067 112.35234879945037 -22.161856
16.81445466472677 112.35231367721566 -21.041555
16.81441619856668 112.35230983893467 -21.033062
16.814403380682162 112.35230853643795 -21.188177
16.8143905562236 112.35230726697094 -21.123178
16.814345664626998 112.35230285344163 -20.70983
16.81434566931084 112.35230282935245 -20.8715
16.814345690557452 112.35230272008042 -21.604862
16.814211006874896 112.35228948489134 -20.4427
16.814198187948417 112.35228817241457 -20.688671
16.814198180988658 112.35228821358781 -20.413017
16.814191767264226 112.35228758141805 -20.375294
16.814191778888613 112.35228751625402 -20.81196
16.814185357683776 112.35228692281949 -20.514708
16.814185356514486 112.35228693421172 -20.438927
16.81417894324276 112.35228629987157 -20.416576
16.814166117375024 112.35228502741303 -20.398333
16.81396730862235 112.35226532805423 -20.137657
16.813960880428336 112.35226476850333 -19.624975
16.813954466712183 112.35226413447792 -19.612436
16.81395447236548 112.3522641054016 -19.807583
16.81393522200823 112.35226225064528 -19.454216
16.81392240992899 112.35226090359026 -19.962109
16.813922402347853 112.35226094258206 -19.700415
16.813915991599774 112.3522602932759 -19.792246
16.81390958249561 112.352259635521 -19.941074
16.81361451247601 112.35223069106866 -18.440119
16.813614522690603 112.35223063853043 -18.792736
16.813601677807185 112.35222946010833 -18.210064
16.813377103124086 112.35220788301494 -14.456888
16.813370703438725 112.35220718309365 -14.909452
16.813364305479567 112.35220647450112 -15.42016
16.81336427072185 112.35220665328009 -14.2202425
16.813364321697367 112.35220639108366 -15.980036
16.81335789143361 112.35220584886136 -15.374049
16.81324244433607 112.35219459979895 -14.4461565
16.813120644879856 112.35218250117595 -14.929033
16.81312063449333 112.3521825546009 -14.570454
16.813120644265595 112.35218250433546 -14.907827
16.813107809765064 112.3521813033274 -14.4678955
16.812992456227974 112.35216975370479 -15.444291
16.812992455358597 112.35216975817667 -15.414276
16.8129860322266 112.35216919281234 -14.954232
16.812966835140138 112.35216711582011 -16.127893
16.812915572769516 112.35216198066486 -16.542551
16.812915557492115 112.35216206462708 -15.979679
16.812902746874556 112.3521607510315 -16.280024
16.812646391354594 112.35213552730914 -15.038275
16.812639993769597 112.35213484186208 -15.369592
16.812633563943027 112.35213432242398 -14.586371
16.81263355947084 112.35213434542806 -14.431967
16.811493562064555 112.35201917636796 -24.088196
16.811487173149153 112.35201841133265 -24.964893
16.811480742171852 112.35201786239176 -24.39176
16.810973495889897 112.35196784763656 -26.591322
16.810607044089345 112.35193224782027 -26.865154
