lat lon elevation
16.206616867183527 111.57918081280066 -7.3037686
16.20661686644595 111.57918081309678 -7.335065
16.206610497492218 111.57918016341549 -5.912378
16.206604059662276 111.57917954111625 -7.3737097
16.2054395282701 111.5790637492644 -3.584869
16.20542675820669 111.57906242047522 -2.7795675
16.205426758364087 111.57906242041197 -2.772889
16.20515817944326 111.57903447642954 -2.5561059
16.204697585551855 111.578986102586 -5.9887624
16.20469758130215 111.5789861042935 -6.1690907
16.204684792860988 111.57898475500865 -5.891427
16.204320128373205 111.57894647723914 -3.1479576
16.204320121602027 111.57894647944616 -3.3917375
16.204307321230786 111.57894514351183 -3.3411252
16.203763059199474 111.57888934120298 -2.8147995
16.203756662528452 111.57888869078766 -2.5180867
16.203750254224996 111.57888804469417 -2.675248
16.203084467795374 111.57882109261922 -1.6329622
16.202426039913043 111.5787545122221 -1.0258605
16.202317456646362 111.5787434274777 -0.63100404
16.20230468498425 111.57874212054521 -0.47368237
16.201946970521107 111.57870543353903 -1.8649143
16.201940582324003 111.57870477549494 -1.8589704
16.20193420188901 111.5787041151998 -1.6035603
16.20189586316033 111.5787001711914 -2.1905477
16.201889508262898 111.57869949950792 -0.80408615
16.201883087747053 111.57869885411814 -2.201186
16.201831978953745 111.57869358550606 -2.5349622
16.20183198530271 111.57869358295316 -2.265525
16.20183198853102 111.57869358165506 -2.128522
16.201812810874525 111.57869160855294 -2.6798005
16.201806426207906 111.57869094766174 -2.5393522
16.20180004208053 111.57869028694498 -2.4148455
16.201780852182182 111.57868831738618 -3.4589741
16.20178086175187 111.57868831405176 -3.0964017
16.20176809229118 111.57868699133688 -2.8028355
16.201761696713408 111.57868633517022 -3.194565
16.201755313455283 111.5786856729989 -2.9808748
16.201627533506098 111.57867248121165 -3.276709
16.20148058431086 111.57865720051906 -2.3477755
16.201333585212325 111.57864190487275 -1.9154818
16.20133357201621 111.57864191017894 -2.4755373
16.201327175121218 111.57864124668606 -2.6475012
16.201320783604046 111.57864058102062 -2.5908144
16.20131438937594 111.57863991640055 -2.645696
16.20130799500444 111.57863925179427 -2.7031603
16.2012248846871 111.57863060166575 -2.4237509
16.201160939540433 111.57862395009995 -2.425147
16.201160945134642 111.57862394785057 -2.1877203
16.20115456661189 111.57862327607124 -1.4842972
16.201109802517287 111.57861862044602 -1.428039
16.201058620067815 111.57861330654207 -1.9922123
16.201045824376475 111.57861197797374 -2.0974045
16.201045852157222 111.57861196680356 -0.918339
16.201039435179048 111.578611310198 -1.7770426
16.201020245495915 111.57860931570549 -1.7298362
16.201013847608806 111.57860865139452 -1.7624695
16.20100745300184 111.57860798575933 -1.6519258
16.20100107570729 111.57860731315857 -0.80264455
16.20099465948713 111.57860665668748 -1.6419314
16.200975447135274 111.5786046712129 -2.4735773
16.20096906331844 111.57860400122304 -1.8812525
16.200962656967747 111.57860334025948 -2.2384055
16.200949871412657 111.57860200748824 -1.7944793
16.200943474808568 111.57860134264402 -1.7289517
16.200937080137134 111.57860067702566 -1.5774175
16.200898692676322 111.57859669267651 -1.530776
16.20088589473219 111.5785953649874 -1.5330902
16.200821890257142 111.57858873314039 -1.9331168
16.200821880165428 111.57858873719793 -2.3614287
16.20080909694692 111.57858740389221 -1.6438726
16.200751490167235 111.57858143847962 -1.7517895
16.20073869126417 111.57858011143941 -1.5738302
16.20073229499539 111.57857944739868 -1.4047265
16.20072588859187 111.57857878697504 -1.6214468
16.20053381210843 111.57855894372902 -1.6493418
16.200527408744158 111.5785582826183 -1.5837749
16.200521019153022 111.57855761649216 -0.9707571
16.200521003403015 111.57855762282445 -1.6392102
16.200514620105352 111.57855695420841 -0.75570846
16.200508196882335 111.5785563016851 -1.5633335
16.200501805133708 111.57855563703072 -1.0722997
16.200456956360824 111.57855102605235 -1.861926
16.200431343318247 111.57854838565282 -1.5669944
16.200424933154707 111.57854772840605 -1.7755369
16.20042493618183 111.578547727189 -1.6470627
16.20041212897075 111.57854640810868 -1.5445384
16.200354490935567 111.57854042582586 -1.4955734
16.200341673110145 111.57853911920505 -1.6593744
16.200251971555957 111.57852997001712 -1.6469065
16.200239164991594 111.57852866021517 -1.248836
16.200232750874797 111.57852800974477 -1.5077662
16.200232751334266 111.57852800956005 -1.4882662
16.200226340976595 111.5785273576151 -1.5854783
16.20022634253907 111.57852735698691 -1.5191662
16.20021352759476 111.57852605088453 -1.4622715
16.2002007064215 111.57852474742563 -1.6614511
16.20019430340219 111.57852409270431 -1.4368684
16.200181490466782 111.57852278661332 -1.3150854
16.200181489930763 111.57852278682884 -1.3378344
16.200149448645366 111.57851952405318 -1.2388852
16.20008536386494 111.57851300285597 -1.1337383
16.2000853608191 111.57851300408053 -1.2630022
16.200078957363676 111.57851235002184 -1.0274098
16.200078957722187 111.57851234987771 -1.0121949
16.200059721844095 111.57851039804476 -1.3777708
16.2000533205608 111.57850974367243 -1.0856586
16.200046908519717 111.5785090941243 -1.28951
16.200046910639482 111.57850909327206 -1.1995494
16.200040505712398 111.57850843991886 -1.0193486
16.200027683157355 111.57850713836811 -1.1948812
16.20002768527494 111.57850713751674 -1.1050129
16.200021274104998 111.57850648672138 -1.1867517
16.19999564504728 111.5785038773987 -0.841907
16.199989231670862 111.57850322755698 -1.0130773
16.199982823256178 111.57850257573172 -0.97295475
16.199957186015578 111.57849997045196 -0.99858403
16.199950777717362 111.57849931862668 -0.9505085
16.199944369018453 111.57849866696996 -0.9189564
16.19993154079598 111.57849736754734 -1.2734187
16.19992509757716 111.57849672978807 -2.7056344
16.19991872475495 111.57849606421128 -1.1905385
16.19991872424601 111.5784960644159 -1.212137
16.199912318016146 111.57849541179411 -1.0739987
16.19990590834805 111.57849476055834 -1.0815332
16.1998995002686 111.57849410868685 -1.0214491
16.199880266957187 111.57849215669827 -1.2226976
16.199867453296978 111.57849085196244 -0.99570656
16.199867467829794 111.57849084611938 -0.37896144
16.199854636330176 111.57848954855349 -0.9092138
16.199848223694403 111.57848889851607 -1.0423521
16.19984181453636 111.57848824707796 -1.028066
16.199841821410036 111.57848824431433 -0.7363615
16.199835398636303 111.57848759834756 -1.3001025
16.199829000530848 111.57848694390222 -0.9388125
16.199816176377965 111.57848564334654 -1.15974
16.19980335960067 111.57848433980422 -1.0691295
16.19970080533275 111.57847391820626 -1.2835121
16.19970080180814 111.57847391962339 -1.433086
16.199687991438772 111.57847261360288 -1.1387104
16.199681582314923 111.57847196191275 -1.1401535
16.199617484538987 111.57846544668584 -1.5047362
16.1996110862429 111.57846479140433 -1.1431371
16.19961107346552 111.57846479654177 -1.6853647
16.199559820350757 111.57845957313627 -1.0791216
16.19955982331673 111.57845957194374 -0.95325685
16.199553413728843 111.57845892004144 -1.0058495
16.199547008113534 111.57845826651813 -0.8918338
16.19942526165089 111.57844586112415 -0.87451905
16.19941244462347 111.57844455531688 -0.98936707
16.19927151388079 111.57843016229498 -0.7571869
16.19926510188341 111.57842951009168 -1.0354633
16.199226673194122 111.57842557883447 -0.94215983
16.199213868259438 111.57842426631665 -0.74362636
16.199207462768886 111.57842361171056 -0.81870395
16.199207463393485 111.57842361145943 -0.79219913
16.199207467863562 111.57842360966207 -0.6025132
16.19913061869506 111.57841574058048 -0.68568474
16.199117807079567 111.57841442989833 -0.8872107
16.19911780996682 111.57841442873739 -0.76469237
16.19910500203584 111.57841311694868 -0.86674845
16.19904098254908 111.57840659445743 -1.0364555
16.19904098633822 111.57840659293385 -0.87566626
16.19902817912831 111.57840526734678 -0.88941133
16.19902176984113 111.57840460681561 -1.1441061
16.199015370922886 111.57840394210244 -0.9633138
16.198996162517442 111.57840195258777 -0.94270205
16.198989762205112 111.57840128840085 -0.8394208
16.198989762552433 111.57840128826118 -0.82468283
16.198951348381954 111.5783973094619 -0.94422257
16.198944948196782 111.57839664522804 -0.868811
16.198944949218625 111.57839664481718 -0.8254502
16.198932133262524 111.5783953226399 -1.3506174
16.198874532609914 111.5783893454374 -0.98168015
16.19886173226601 111.57838801690062 -0.9146335
16.19885532695994 111.57838735498052 -1.12698
16.1988489305203 111.57838669000854 -1.0087671
16.198772136854174 111.57837872215092 -1.0596793
16.198759339753725 111.57837739409199 -1.066026
16.198752945566984 111.57837672983699 -1.0136361
16.198740150081218 111.57837540146521 -0.9844466
16.19870815850953 111.57837208276321 -1.1297951
16.198708159705237 111.57837208228246 -1.0790567
16.198708144436605 111.57837208842147 -1.7269654
16.198708163031135 111.57837208094521 -0.9379254
16.198695366757647 111.57837075378603 -1.0200918
16.19869535809384 111.57837075726947 -1.3877318
16.198688960685278 111.57837009350283 -1.4063404
16.198676176538765 111.5783687618984 -1.007662
16.198663382502865 111.57836743457258 -1.05123
16.198656985937106 111.57836677132715 -1.1027668
16.198656988478174 111.57836677030546 -0.9949388
16.19865058963288 111.57836610709244 -1.0679934
16.198605820878047 111.57836146147832 -1.0766124
16.198529092186792 111.57835350183501 -1.0479873
16.198529092554264 111.57835350168726 -1.0323939
16.198516303089683 111.57835217683314 -1.1449673
16.198509902746807 111.57835151682724 -1.447932
16.19850352109098 111.57835084942 -0.96364707
16.198503519522678 111.57835085005055 -1.0301974
16.19848433974468 111.57834886250893 -1.0888236
16.198484340544315 111.57834886218744 -1.0548913
16.198471556990068 111.57834753655027 -0.99672836
16.198465165727665 111.57834687370305 -0.9543511
16.198458773727488 111.57834621127299 -0.94896966
16.198407640149636 111.5783409153002 -1.0041289
16.198407631612138 111.57834091873278 -1.3664172
16.19840125143064 111.5783402526861 -0.9103166
16.19839485965739 111.57833959191301 -0.99211335
16.198388467320335 111.5783389310177 -1.0630044
16.198324571340525 111.57833231952245 -0.9941596
16.198318181936305 111.57833165897013 -1.0010014
16.198311796475654 111.57833099697605 -0.8458858
16.19830542786354 111.57833032883363 -0.021561973
16.19829901291534 111.57832967898541 -1.1284902
16.19812018014408 111.57831122961608 -0.8920325
16.19810740984159 111.57830991608355 -0.95107853
16.198107408077068 111.57830991679302 -1.02596
16.198081871002472 111.57830728833916 -0.8863815
16.198075486688495 111.57830663161508 -0.86127305
16.19806910219468 111.57830597516416 -0.85121864
16.198062714522056 111.57830532015524 -0.98034066
16.198037178704265 111.57830269626172 -0.94803613
16.198024409815975 111.57830138545529 -0.9779044
16.197960577076685 111.57829483659394 -0.8638325
16.197960575711257 111.57829483714298 -0.92177945
16.19794781253798 111.57829352846572 -0.8403283
16.19794781601649 111.57829352706702 -0.6927048
16.197941418636333 111.57829287860484 -1.2669239
16.197941428280576 111.57829287472688 -0.8576345
16.197935042294716 111.57829222232647 -0.99208575
16.19790951673118 111.5782896074446 -0.8235604
16.197903129835506 111.57828895622403 -1.0130477
16.19790313458931 111.57828895431248 -0.8113004
16.19789675627816 111.5782883007256 -0.7173356
16.197820173554383 111.5782804763768 -0.70794237
16.197813687984045 111.57827972716044 -0.8384131
16.197813687745153 111.57827972725651 -0.8485515
16.197781810735954 111.57827650552122 -0.9192412
16.197775435303726 111.57827586222109 -0.9897156
16.197775437279866 111.57827586142643 -0.90584743
16.197737186239067 111.57827200114659 -1.0580251
16.197730813491283 111.57827135726903 -0.98555624
16.197730819949847 111.57827135467177 -0.71144843
16.197724438112484 111.57827071457906 -1.0259058
16.19771169025248 111.57826942837217 -0.9834641
16.197711694553963 111.57826942664232 -0.800904
16.19770531829007 111.57826878468093 -0.88159585
16.197705317216425 111.5782687851127 -0.92716265
16.197698949690476 111.57826813975619 -0.63770026
16.19769894233295 111.57826814271506 -0.9499645
16.197692560860027 111.57826750308361 -1.2530141
16.197686199518447 111.57826685594738 -0.7424355
16.197679823913553 111.5782662151357 -0.877879
16.197667080881274 111.57826492863433 -0.6410412
16.19759058910498 111.57825723146028 -0.65411896
16.197590584404274 111.57825723335091 -0.85363185
16.197584216038084 111.57825659000508 -0.59273726
16.19757783521992 111.5782559512566 -0.818553
16.19757146593549 111.57825530841059 -0.5935631
16.197565089835837 111.57825466836674 -0.6561319
16.197545963868293 111.5782527481132 -0.7738638
16.1975395900831 111.57825210731592 -0.72720647
16.197539589503194 111.57825210754918 -0.75181997
16.197533211947754 111.57825146835401 -0.86598337
16.19750134122033 111.5782482661271 -0.6753118
16.197501336680716 111.5782482679531 -0.86799407
16.197494965677866 111.57824762634526 -0.68813396
16.197488592540587 111.57824698562325 -0.5958333
16.19748858693144 111.5782469878795 -0.8339125
16.197482212513734 111.57824634769707 -0.7928151
16.19747583430108 111.57824570906283 -0.90954196
16.197469464152494 111.57824506815867 -0.7612759
16.197463090798305 111.57824442760506 -0.664956
16.197354689000885 111.57823356042422 -0.7567746
16.197341935751464 111.57823228153849 -0.67558616
16.197341933403138 111.57823228248324 -0.7752653
16.197329180638985 111.57823100372295 -0.69170356
16.197316422630916 111.5782297264163 -0.76749825
16.197310041829827 111.57822908841234 -0.872851
16.19731004515579 111.57822908707425 -0.73167306
16.197303667215834 111.57822844786655 -0.7095682
16.197297286155415 111.57822780938135 -0.7734685
16.197290909323456 111.57822717009219 -0.7323747
16.19727815431785 111.57822589091398 -0.60747933
16.197220726744874 111.57822014409749 -1.0707223
16.197214355246953 111.5782195012858 -0.68141574
16.19720797590491 111.57821886153873 -0.6177251
16.19720159185067 111.57821822359371 -0.7466223
16.197195212091952 111.57821758430168 -0.7260227
16.197195213784266 111.57821758362076 -0.65418607
16.19717606428147 111.57821566778293 -0.8563335
16.19717606355785 111.5782156680741 -0.8870504
16.197163298543753 111.57821438981667 -0.92872703
16.19716330084325 111.57821438889138 -0.83111525
16.197156924743066 111.57821374701923 -0.56802166
16.197144155731102 111.57821246969685 -0.7311523
16.19713138937347 111.57821119083363 -0.7486762
16.19709308750935 111.5782073528233 -0.75661564
16.197093074849626 111.57820735791765 -1.2940184
16.197093088088266 111.57820735259034 -0.73204076
16.19709307271685 111.57820735877588 -1.3845546
16.19708670277687 111.57820671257043 -0.72660244
16.196901458624374 111.57818812720197 -0.76599216
16.196895057495233 111.57818748898505 -1.1806638
16.19689506475197 111.57818748606441 -0.8726064
16.196888673997254 111.57818684347573 -0.8363915
16.19688228282746 111.57818620085618 -0.80727863
16.196869496057445 111.5781849168001 -0.9054326
16.19685671072749 111.57818363135402 -0.8999561
16.196811959328045 111.57817912824805 -0.7774678
16.196805563315674 111.5781784850858 -0.8251553
16.19679916420656 111.57817784295331 -0.9933913
16.19662639715655 111.57816041626731 -1.0127041
16.19661999701134 111.57815976805833 -0.9140673
16.196619996889755 111.57815976810727 -0.91922873
16.196607194898757 111.57815847308444 -0.8822794
16.1964277938601 111.57814027784731 -0.93235743
16.196427787500962 111.57814028040718 -1.2023077
16.196421372033466 111.57813962123103 -0.9718981
16.19640852939313 111.57813830693365 -0.9810803
16.19622223575737 111.57811919404708 -1.059469
16.196215812742373 111.57811853252731 -0.97025514
16.196209385918458 111.57811787191444 -0.9975418
16.19619011188 111.57811588665767 -0.78055847
16.196183681539654 111.57811522691651 -0.9404088
16.196177254729246 111.57811456659306 -1.0279068
16.196093702655496 111.57810596110043 -1.0148737
16.196042281541082 111.5781006587989 -1.0009462
16.196035852276744 111.57809999631786 -1.0636808
16.19602942683019 111.57809933271625 -1.0044954
16.1959972810225 111.57809601834786 -1.2499981
16.195888018583467 111.57808473186006 -1.1283181
16.195875161183046 111.57808340463005 -1.2589563
16.195868739252973 111.57808273828584 -1.0411447
16.195868736407533 111.57808273943097 -1.1619096
16.19586874004915 111.57808273796542 -1.0073539
16.19586231275184 111.5780820737816 -1.0203098
16.19586231093001 111.57808207451478 -1.0976305
16.195746639229636 111.57807011570516 -1.2690411
16.195733793012 111.578068784955 -1.1017393
16.195733793099972 111.5780687849196 -1.098006
16.19573379192051 111.57806878539422 -1.1480614
16.195727369212946 111.57806811995206 -1.0569986
16.19571451690473 111.57806679200861 -1.1843393
16.195656702401028 111.57806081155995 -1.2124659
16.195643853718906 111.57805948321132 -1.2839588
16.195643861414553 111.57805948011467 -0.9573724
16.195553954488773 111.57805018231923 -1.1667324
16.195541117804787 111.5780488532886 -1.0541949
16.195534698920167 111.57804818989277 -1.0944221
16.195521856631963 111.57804686334427 -1.2298211
16.195521862832706 111.5780468608493 -0.9666854
16.195521854493453 111.57804686420472 -1.3205712
16.1954961805922 111.57804420830664 -1.242799
16.195483349854516 111.57804287863439 -0.9936991
16.195438424743415 111.57803823663777 -1.1965989
16.19542559071149 111.57803691033207 -1.214826
16.195425589657994 111.57803691075596 -1.2595311
16.195419180485 111.57803624491257 -0.970626
16.195406348210632 111.57803491976783 -1.0537547
16.195406348677626 111.57803491957992 -1.0339378
16.195399930493647 111.57803425781971 -1.1568502
16.195393516164106 111.57803359466432 -1.1261264
16.195380690354295 111.57803226768003 -0.9737699
16.195310146945218 111.57802498301076 -1.047793
16.19529731908469 111.5780236612094 -1.2514131
16.19529732178484 111.57802366012304 -1.1368352
16.195207482007078 111.57801438084834 -1.2068044
16.1951946879694 111.57801306610084 -1.3345387
16.1951946927256 111.57801306418733 -1.1327192
16.19512435956558 111.57800583313403 -1.1788296
16.19512435764463 111.57800583390686 -1.2603416
16.195117966535086 111.57800517643736 -1.2001499
16.195111575755053 111.57800451901066 -1.1353334
16.195098794262627 111.5780032056145 -1.1113241
16.195086014559152 111.57800189170769 -1.0071841
16.194951835980252 111.57798812732081 -1.1458284
16.194734731320867 111.57796591943277 -1.2412975
16.19472835173052 111.57796526637142 -1.1000464
16.194728354475593 111.57796526526687 -0.9835559
16.194721965194706 111.57796461524313 -1.175197
16.194709197398957 111.57796331211179 -1.1890601
16.194702815068812 111.57796266005649 -1.1325843
16.194690049129523 111.57796135721503 -1.1199285
16.194677284417146 111.57796005375619 -1.0215937
16.1946645196727 111.57795875161366 -1.0111665
16.194658129802153 111.57795810320502 -1.2856809
16.194645363277086 111.57795680127694 -1.2741584
16.194638981463253 111.57795614986583 -1.2097352
16.194626217513353 111.57795484740197 -1.0967178
16.194619836436306 111.57795419591997 -1.002951
16.19461983022419 111.57795419841973 -1.2665762
16.19459430059158 111.57795159581939 -1.1608067
16.194587920290818 111.57795094436996 -1.0350157
16.194587909784204 111.57795094859789 -1.4808915
16.19453685030541 111.57794574605823 -1.1841116
16.19452408240418 111.57794444719337 -1.2303494
16.194524086279657 111.5779444456338 -1.0658813
16.194517697974497 111.5779437980277 -1.2719661
16.19451769655015 111.5779437986009 -1.3324126
16.19451769735298 111.57794379827781 -1.2983423
16.194504929580827 111.57794249964923 -1.3312293
16.194485781136727 111.57794055074017 -1.2320464
16.194479397764063 111.57793990140951 -1.2190119
16.194473007787153 111.57793925473632 -1.481139
16.194358095590783 111.57792757829014 -1.3620045
16.19435809858346 111.5779275770857 -1.2349956
16.19435809634859 111.57792757798516 -1.3298433
16.19435171075205 111.5779269300211 -1.352216
16.194319783825037 111.5779236903451 -1.3986492
16.194319783217406 111.57792369058967 -1.4244373
16.194319784856038 111.57792368993016 -1.3548932
16.19431340245876 111.57792304070423 -1.2164679
16.194307015773745 111.57792239320325 -1.2555394
16.19428785461405 111.57792045108931 -1.3889477
16.194287856174267 111.57792045046136 -1.3227314
16.194287854965612 111.57792045094781 -1.374027
16.19428146855581 111.57791980331895 -1.3826773
16.194147330165553 111.5779062107167 -1.4879261
16.19413454887522 111.57790491739013 -1.5682216
16.194134549634136 111.57790491708465 -1.5360122
16.194089810957248 111.57790039298325 -1.9642814
16.194019518889142 111.5778932750734 -1.5197574
16.19401311954441 111.57789263121954 -1.8133725
16.19401312435496 111.57789262928308 -1.6092023
16.19400673009177 111.57789198332479 -1.6796997
16.193993949734274 111.57789068745937 -1.4110616
16.193987551015883 111.57789004311186 -1.6480793
16.193987549020886 111.57789004391496 -1.7327514
16.193974943400576 111.57788872951588 -1.4481895
16.193827590672495 111.57787388687719 -1.5273896
16.1938275892223 111.57787388746101 -1.5889394
16.19381477423155 111.57787259665969 -1.57477
16.193718623271412 111.57786291542759 -1.8007598
16.193712215259044 111.57786226859693 -1.6845437
16.193705800925887 111.5778616242416 -1.8318962
16.193667336638153 111.57785774792112 -1.7011529
16.193660926679822 111.57785710180444 -1.6731244
16.193660927319875 111.57785710154674 -1.6459597
16.19343647858612 111.57783447153959 -1.8234665
16.193430043271977 111.57783383289323 -2.7501814
16.193423653370647 111.57783317590699 -1.749171
16.193417238083377 111.57783252908669 -1.8251832
16.193417241053897 111.57783252789068 -1.6991168
16.193397998152456 111.57783058639347 -1.8410103
16.19339158598435 111.57782993810187 -1.7842584
16.19338518048504 111.57782928799968 -1.5229189
16.193378763817964 111.57782864141474 -1.6574824
16.193378732853308 111.57782865388202 -2.9715872
16.19332745497388 111.5778234570605 -1.7145969
16.193314626686306 111.57782216092154 -1.7835923
16.193314629288373 111.57782215987386 -1.6731648
16.193308216112534 111.57782151134516 -1.6684537
16.19329538919106 111.57782021486237 -1.7279673
16.193288974995763 111.57781956660912 -1.7709037
16.193288977000243 111.57781956580205 -1.6858373
16.19328255629169 111.57781892012746 -2.0068278
16.19328256455026 111.57781891680224 -1.6563505
16.193224856379633 111.57781307236945 -1.315233
16.19322484853034 111.57781307552989 -1.6483378
16.193218432700064 111.5778124274863 -1.7836852
16.19321843342205 111.57781242719561 -1.7530462
16.19314149074293 111.57780463033959 -1.7181215
16.1931350763382 111.57780398129177 -1.8336344
16.193128654177464 111.57780333533852 -2.2819893
16.19311584493769 111.57780202922406 -1.7013654
16.193115842564506 111.57780203017961 -1.8020755
16.193109430991043 111.57780137988243 -1.8127172
16.19310302227393 111.57780072840954 -1.706159
16.19307096297111 111.57779747701431 -1.9032289
16.193070962376687 111.57779747725365 -1.9284536
16.193064550931364 111.57779682674055 -1.9633435
16.19271217502251 111.57776093911706 -2.1443374
16.192699370935454 111.57775963006249 -2.0700731
16.19268643026076 111.57775839300456 -2.0775723
16.19267364497685 111.57775707530557 -2.12811
16.192667254369375 111.57775641539826 -2.055256
16.192660860648335 111.5777557568062 -2.1248918
16.192654466276192 111.57775509850363 -2.229559
16.192654470107545 111.57775509696087 -2.0669785
16.192648076222664 111.57775443849039 -2.1583056
16.192628896942903 111.57775246230207 -2.3748817
16.192622507532178 111.57775180215285 -2.3050437
16.192616123858404 111.57775113972663 -1.9987677
16.192590556222452 111.57774850363684 -2.2401657
16.192590557702616 111.57774850304084 -2.1773553
16.1925841652738 111.57774784480186 -2.3169894
16.192347832920706 111.57772343302331 -2.1355488
16.192341442035453 111.5777227757852 -2.3649206
16.192335057021765 111.57772211625418 -2.348663
16.192143530686113 111.57770235919253 -2.2101855
16.192143529422626 111.57770235970133 -2.2638054
16.192137138937106 111.57770170492329 -2.5460877
16.192086078353338 111.57769644595413 -2.2552803
16.192079693281674 111.57769578983779 -2.3113086
16.192079695737796 111.57769578884869 -2.2070737
16.192054160186963 111.5776931634382 -2.2289267
16.192047776576704 111.57769250721636 -2.221869
16.192041393030518 111.5776918510665 -2.2116244
16.192041389174232 111.57769185261951 -2.375282
16.192028627723165 111.57769053834276 -2.113638
16.19186263882716 111.57767352769878 -2.1915383
16.191856245325244 111.57767287851586 -2.554805
16.191849867487242 111.57767222312896 -2.2504244
16.191843483767222 111.57767156973532 -2.1523743
16.1917732412189 111.5776644038025 -2.2626624
16.191766856629464 111.57766375245865 -2.1980317
16.191766854080285 111.57766375348538 -2.3062234
16.191581612167266 111.57764494827791 -2.5372374
16.19157522889959 111.57764429950802 -2.2787752
16.191568841587106 111.57764365246543 -2.1864667
16.191543277898194 111.57764107108304 -2.373952
16.19153050020851 111.57763977929557 -2.2570724
16.19153050083299 111.577639779044 -2.2305677
16.1915241052581 111.57763913600408 -2.4490569
16.19152410809168 111.57763913486265 -2.3287895
16.191524109918856 111.57763913412661 -2.2512379
16.191504939379975 111.5776371990525 -2.1843739
16.191492156033476 111.57763591067304 -2.2367408
16.19149215315072 111.5776359118343 -2.3590956
16.19144102404405 111.57763076167437 -2.2632282
16.191441029418524 111.57763075950929 -2.0351145
16.191434634834707 111.57763011734815 -2.1261048
16.19142823588266 111.57762947703387 -2.396151
16.191421848512075 111.57762883262004 -2.2086887
16.191409163273406 111.57762745139702 -2.3139668
16.191396364403058 111.57762617935268 -2.236246
16.19126833146662 111.57761349410666 -2.0181305
16.191261928200902 111.57761286113941 -2.0112798
16.1912619248856 111.57761286247516 -2.1519957
16.191236311664536 111.57761033261204 -2.1972284
16.191229911423655 111.5776096986711 -2.034459
16.19122991471954 111.57760969734315 -1.894568
16.191217104144503 111.57760843362233 -1.978654
16.1912171095006 111.57760843146428 -1.751319
16.19118507975122 111.57760527427956 -2.018292
16.191178675411535 111.57760464229948 -1.9882251
16.191172240914394 111.57760402250224 -3.233252
16.19117227322308 111.57760400948403 -1.8619437
16.19103133615045 111.57759012849867 -1.7726941
16.191031332361366 111.5775901300256 -1.9335155
16.19102493351127 111.57758949757729 -1.6906081
16.191018525042185 111.57758886756174 -1.7309391
16.191012116807922 111.57758823744254 -1.7579122
16.191005710549707 111.57758760651635 -1.6976892
16.190999303922545 111.57758697572655 -1.6498634
16.19094163051937 111.57758130334591 -1.6672751
16.190935218892836 111.57758067483881 -1.8431131
16.19092881810478 111.57758004145495 -1.5158608
16.19083908898028 111.57757121762647 -1.7134944
16.19082627132217 111.5775699560156 -1.6796046
16.190819860092933 111.57756932609414 -1.7623696
16.190819864992694 111.57756932411924 -1.5544133
16.19081986363238 111.57756932466752 -1.6121478
16.19081345489991 111.57756869368208 -1.5875942
16.190813452590252 111.57756869461303 -1.685621
16.190800638572135 111.57756743251092 -1.6080409
16.190787821539974 111.57756616993852 -1.5321747
16.19078782035499 111.57756617041616 -1.5824676
16.190698087773914 111.57755732986314 -1.5337368
16.190691679454968 111.57755669733969 -1.4785326
16.190691680853767 111.57755669677582 -1.4191654
16.19068527064714 111.5775560648878 -1.4410866
16.190672447732293 111.57755480241384 -1.6376976
16.19065962399786 111.57755353943001 -1.82919
16.190646814442903 111.5775522703585 -1.420034
16.19063399091999 111.57755100653564 -1.6053456
16.190627581711386 111.57755037344857 -1.5904337
16.190627581940134 111.57755037335636 -1.5807254
16.190621169665 111.5775497414061 -1.6965624
16.19060835347307 111.57754847383296 -1.5755581
16.190518625995512 111.57753959586437 -1.5658323
16.190512215475312 111.57753896133165 -1.6268106
16.19050580687132 111.57753832590575 -1.6081548
16.190505804195666 111.57753832698447 -1.7217101
16.190441722811865 111.57753196442265 -1.4807521
16.190435306606236 111.57753133018568 -1.7665164
16.1904224685956 111.57753006452963 -2.6638694
16.19041607669577 111.57752942057132 -1.9658725
16.190275123946467 111.57751535298436 -1.5413721
16.190268717766248 111.5775147114556 -1.5198988
16.19026231022843 111.57751407032087 -1.5596566
16.19025590777975 111.57751342698009 -1.3870958
16.19025590636139 111.57751342755202 -1.4472895
16.190211061294228 111.57750893106757 -1.5304022
16.190204654398816 111.57750828826771 -1.5772814
16.190198249283043 111.57750764459138 -1.5526501
16.190166227493524 111.57750442276358 -1.370701
16.190153413300195 111.57750313588339 -1.62455
16.190140604464407 111.57750184519554 -1.584338
16.18991659300445 111.57747904364605 -1.5355049
16.18991019743559 111.57747838596171 -1.4999363
16.189897401974733 111.57747707189527 -1.6239848
16.18979507463304 111.57746652423157 -1.61298
16.189782292470504 111.57746520022951 -1.3416659
16.189775896574176 111.57746453974937 -1.3966779
16.189731140426314 111.57745990814713 -1.3530548
16.18971835159538 111.57745858384136 -1.3922915
16.189718350729812 111.57745858419042 -1.429025
16.189718348889556 111.57745858493254 -1.5071232
16.1896863843998 111.57745526899897 -1.336366
16.189679987211708 111.5774546071888 -1.4931432
16.189673594133676 111.57745394360565 -1.478373
16.189622445146483 111.57744863266745 -1.6451219
16.18961605205371 111.57744796809801 -1.655424
16.189609664167936 111.57744730132387 -1.4472972
16.18959687557363 111.57744597308535 -1.6202247
16.189507390408043 111.5774366482546 -1.4235471
16.189424305796216 111.57742797046599 -1.1834387
16.189353996547425 111.57742062121272 -1.4810672
16.189353996889537 111.57742062107476 -1.4665478
16.189347606467724 111.5774199515382 -1.4010205
16.18930925618332 111.57741593972152 -1.6422616
16.189296480728792 111.57741459964781 -1.4593717
16.189296476175567 111.5774146014839 -1.6526138
16.189283700574716 111.57741326032247 -1.3985311
16.18928369648987 111.57741326196967 -1.5718952
16.189283701006683 111.57741326014829 -1.380198
16.18920701288323 111.57740522435589 -1.4154612
16.18920701410679 111.57740522386248 -1.3635318
16.189200621543016 111.57740455473117 -1.4468393
16.18919422368258 111.57740388771003 -1.7553207
16.189021689517713 111.57738579065251 -1.4044939
16.18902168751689 111.57738579145929 -1.4894134
16.189015300472512 111.5773851203623 -1.377799
16.188906654534712 111.57737373290675 -1.5125843
16.18889386931367 111.57737239504947 -1.6563122
16.188893870993923 111.57737239437198 -1.5849973
16.188887480627276 111.57737172458968 -1.5602837
16.18862536438925 111.57734435080565 -1.8878771
16.18861258115193 111.57734301735115 -1.6330642
16.18857421217225 111.57733902533765 -1.549639
16.188574208107735 111.57733902697635 -1.7221537
16.188567815640425 111.5773383609947 -1.6058731
16.188484674486933 111.57732972796558 -1.745039
16.188478282076638 111.57732906330418 -1.61992
16.18847188166227 111.57732840197215 -1.8341875
16.188427118942 111.5773237608332 -1.741745
16.18842072509472 111.57732309770174 -1.6751136
16.18841433056321 111.57732243495563 -1.6373247
16.188324793600778 111.57731317382677 -1.6672539
16.188190492376314 111.57729932635746 -1.6843543
16.18797945076927 111.57727768147251 -1.8911363
16.187941083404606 111.5772737606766 -1.8526748
16.187928292188495 111.57727245553897 -1.9214907
16.187921900269103 111.57727180169123 -1.8005333
16.187864345537026 111.57726593437441 -1.9148448
16.18785795010544 111.57726528332881 -1.9514208
16.187851552557632 111.5772646332746 -2.0787044
16.187813190565112 111.57726072693156 -1.9129362
16.187813179959903 111.57726073120762 -2.3630862
16.187806794701473 111.57726007812336 -2.055949
16.187774825169065 111.57725682733685 -1.9620951
16.187768404153395 111.5772561885259 -3.0974329
16.187762033769808 111.57725552943502 -2.0845728
16.187762035727943 111.57725552864548 -2.0014572
16.187749248092928 111.57725422976665 -1.9679543
16.1877492400048 111.57725423302789 -2.3112657
16.187698094977737 111.57724904065005 -1.9815942
16.187698099116943 111.57724903898102 -1.8058994
16.187691695108427 111.57724839491853 -2.2308557
16.187531838919853 111.57723221404343 -2.0577085
16.187531838201927 111.57723221433294 -2.0881822
16.187525440422885 111.57723157381326 -2.3771682
16.187519055183028 111.57723092835316 -2.1347187
16.187512668218 111.5772302837036 -1.966286
16.187506269907434 111.57722964374297 -2.2802002
16.18750627079514 111.577229643385 -2.2425196
16.187487105833796 111.57722771256678 -1.9568217
16.187480709076542 111.57722707194247 -2.1671505
16.187474329623434 111.57722642492719 -1.6840103
16.187467935140198 111.5772257840794 -1.8394535
16.187455150738447 111.57722450133652 -1.9986725
16.18736567656659 111.577215523889 -2.245789
16.187365677404042 111.57721552355123 -2.2102406
16.187352899426106 111.57721424120697 -2.1065722
16.187346510034015 111.57721360008067 -2.0517125
16.187340114198605 111.57721296163328 -2.270369
16.187154785802758 111.57719441601427 -2.1940885
16.187097268433337 111.57718866945157 -2.1238284
16.18709087033329 111.57718803398045 -2.4150794
16.187078093649312 111.57718675523994 -2.1654468
16.187065309693327 111.57718547948518 -2.2164237
16.187026960727113 111.57718165159753 -2.2219324
16.187020571764922 111.57718101264355 -2.1102123
16.187014176084453 111.57718037641027 -2.2821307
16.186982219229588 111.57717718665934 -2.202741
16.186969437072236 111.57717591102794 -2.1747127
16.18696943382755 111.57717591233698 -2.3124495
16.18689912483668 111.57716889725684 -2.1854117
16.186899124015962 111.57716889758798 -2.2202513
16.186892728855852 111.57716826105012 -2.332021
16.186879944744053 111.57716698549957 -2.2917256
16.186879941645504 111.57716698674976 -2.4232602
16.186860767321736 111.57716507301788 -2.308553
16.186847979593548 111.57716379872333 -2.3995557
16.186847978133155 111.57716379931259 -2.4615502
16.186835199578045 111.5771625212181 -2.1538858
16.186835194197357 111.57716252338918 -2.382299
16.186828807336468 111.5771618833267 -2.1223369
16.18681602028617 111.57716060849347 -2.1610029
16.186816016593493 111.57716060998344 -2.3177595
16.186803227185184 111.57715933597858 -2.446734
16.18672011538471 111.57715104492159 -2.332226
16.186713722675552 111.57715040648955 -2.2705984
16.186713729174258 111.57715040386711 -1.9947217
16.186611408251366 111.5771401977781 -2.2900507
16.18658582657941 111.5771376442437 -2.2909524
16.18658582380928 111.57713764536165 -2.408548
16.186573038944516 111.5771363657701 -2.1360316
16.186534658121033 111.57713253579628 -2.3493185
16.186528262548745 111.57713189671234 -2.3212636
16.186521869325045 111.57713125660268 -2.190088
16.186464301650417 111.5771255049834 -2.1911118
16.186457905400953 111.57712486527127 -2.1533256
16.18645150591131 111.57712422678023 -2.2495034
16.186445109599347 111.57712358691917 -2.2071826
16.186425916717415 111.5771216683966 -2.2259958
16.186425928658828 111.57712166357673 -1.7190626
16.186419519053967 111.57712102920402 -2.2669814
16.186419521603433 111.57712102817499 -2.1587522
16.186393925885604 111.5771184701307 -2.2985427
16.186381126064354 111.57711719206104 -2.4902198
16.18637473019486 111.57711655101274 -2.3886726
16.18636833398634 111.57711591000559 -2.2977722
16.186297968923018 111.5771088959397 -2.230252
16.18628517439882 111.57710760771681 -1.9796556
16.186272369968158 111.57710632211366 -2.0530896
16.1861955523641 111.57709859950981 -2.0720465
16.186189149954572 111.57709795562893 -2.0854123
16.1861827669813 111.57709730379936 -1.269888
16.18593939899763 111.57707279192098 -2.3306293
16.185932998476883 111.5770721438941 -2.161561
16.18593299105587 111.57707214689022 -2.4765902
16.185920187939264 111.57707085044575 -2.135685
16.185913782222475 111.57707020328913 -2.0963657
16.185913777393424 111.57707020523878 -2.3013632
16.185856123208772 111.57706438385779 -2.4066155
16.185734388401464 111.57705207853053 -2.4789374
16.18534983770259 111.57701312633075 -2.6470242
16.185349837478533 111.57701312642122 -2.656535
16.185343422720386 111.57701247761489 -2.7987654
16.18520238859331 111.57699817409598 -2.8937967
16.18519597497092 111.57699752437799 -2.968361
16.185195971440205 111.57699752580369 -3.1182277
16.1850869914361 111.57698646781792 -2.9074378
16.185080586690695 111.57698581491017 -2.6406426
16.18507417133948 111.57698516628687 -2.8239932
16.18502929316967 111.57698061420312 -2.8658037
16.185022885677984 111.57697996244451 -2.716313
16.18501649838114 111.5769792976166 -2.6909964
16.185016494032585 111.57697929937261 -2.8755727
16.185003674453263 111.57697799934219 -2.72959
16.184939549418367 111.5769715064917 -2.8090444
16.18493955432273 111.57697150451123 -2.6008797
16.184926727406868 111.57697020678467 -2.696367
16.184753603283106 111.57695268128798 -2.8483586
16.18474078465103 111.57695138158755 -2.6637213
16.18472795955407 111.57695008507287 -2.798576
16.184625384614005 111.57693970379013 -2.762474
16.184612561525057 111.57693840727985 -2.8491514
16.184599742784105 111.57693710916952 -2.760804
16.18459333531074 111.57693645988995 -2.6802893
16.18458692348988 111.57693581192365 -2.7462113
16.184580513672127 111.57693516415354 -2.8106828
16.18457409839807 111.57693451766279 -3.0281641
16.184554875817874 111.57693256905164 -2.70951
16.18455487411482 111.5769325697394 -2.781791
16.184548462320915 111.57693192196962 -2.858721
16.184542051019683 111.5769312740826 -2.920537
16.184535640962167 111.57693062573583 -2.9322324
16.184529233505277 111.57692997638166 -2.8362422
16.184458726524504 111.57692284695413 -3.064103
16.184452314394786 111.57692220002266 -3.200477
16.18444591547317 111.57692154780331 -2.779258
16.184445914040857 111.57692154838175 -2.8400471
16.18443950766375 111.57692089921984 -2.7382436
16.184433095449286 111.57692025246212 -2.8871984
16.184324160509533 111.57690923697261 -2.930809
16.18431134593544 111.57690794127487 -2.9281425
16.18409354363204 111.57688592916608 -3.2092667
16.184087143922014 111.57688528007608 -3.009279
16.18408073792603 111.57688463357636 -3.0795937
16.1839782757125 111.57687428284882 -3.2485468
16.18396547474671 111.57687298764806 -3.0841994
16.183965474958836 111.57687298756237 -3.075197
16.18392706303906 111.57686910630454 -3.0069196
16.183914258096674 111.57686781349368 -3.0659914
16.183907854982234 111.57686716717951 -3.107638
16.183901447730435 111.57686652210282 -3.2877412
16.183670998383437 111.57684325307383 -3.1638086
16.183670994575298 111.5768432546122 -3.3254216
16.18366460416774 111.57684260654045 -3.1769602
16.183651813985225 111.57684131476711 -3.3249109
16.183645420271286 111.57684066809642 -3.3204896
16.183632638366706 111.5768393726982 -3.0895548
16.18359426723335 111.57683549699331 -3.476705
16.183587876431762 111.57683484945588 -3.3680515
16.183575074309633 111.57683356274956 -4.025827
16.183568698825386 111.57683290961722 -3.3147993
16.183555915636436 111.57683161589208 -3.217101
16.1834152652956 111.57681739954415 -3.4279196
16.183402481143652 111.57681610647914 -3.34775
16.18339608307875 111.5768154618422 -3.515809
16.183389698550112 111.57681481325316 -3.2362204
16.183364125116157 111.57681222921339 -3.2725048
16.183351338658294 111.57681093709851 -3.2736588
16.183325758288234 111.57680835535588 -3.5340972
16.18331297751171 111.57680706144039 -3.3219373
16.18331297769337 111.57680706136699 -3.3142278
16.18326182856067 111.5768018948115 -3.4025385
16.183255437298843 111.57680124839634 -3.338052
16.18324904045693 111.57680060319393 -3.421136
16.18299323302387 111.57677477446761 -3.4162383
16.182980433401962 111.57677348546646 -3.6458435
16.18296764125493 111.57677219329612 -3.5408185
16.182967643531512 111.57677219237611 -3.444198
16.182961241373924 111.57677154869269 -3.6432834
16.182890864846794 111.57676444688578 -3.5654047
16.182884468009192 111.57676380055646 -3.4829214
16.18287806289922 111.57676315752599 -3.7466738
16.182871667991925 111.5767625103274 -3.5725312
16.18286526679918 111.57676186562384 -3.6602423
16.18282047467137 111.57675734580491 -3.5271041
16.18271165839476 111.57674637186553 -3.5345438
16.182705252696913 111.57674572772883 -3.6839228
16.182698843511126 111.5767450844657 -3.9354768
16.182647630928813 111.57673991705566 -3.6145146
16.182641224497395 111.57673927266033 -3.74111
16.182634824478207 111.57673862561651 -3.5901575
16.182628414422418 111.57673798257237 -3.8597598
16.18255797016916 111.5767308788964 -3.690363
16.182551564374666 111.57673023343291 -3.7145236
16.182545156277175 111.5767295888413 -3.8310914
16.182538754442582 111.57672894165914 -3.6765351
16.182500296631414 111.57672507623838 -4.6245074
16.182378611982152 111.5767127922195 -3.9282606
16.182372182777673 111.57671215218083 -4.389247
16.18236577693922 111.5767115026421 -3.8546357
16.18224381166789 111.57669925507292 -3.939769
16.18223097910165 111.57669796245696 -3.6477816
16.182230976048707 111.57669796369109 -3.7773428
16.182230939959947 111.57669797827967 -5.3088827
16.18222455322682 111.57669732044695 -3.9474094
16.182173195429165 111.57669216014061 -3.9773297
16.182173195832405 111.5766921599776 -3.960217
16.182160354247653 111.57669087016612 -4.03406
16.182153940994592 111.57669022216153 -3.7510011
16.18214109889992 111.5766889323552 -3.846953
16.182134677439777 111.5766882880538 -3.9535508
16.18205764622753 111.57668053778353 -3.7021387
16.182051219954445 111.57667989459573 -3.988154
16.18204480628835 111.57667924628959 -3.7412183
16.181794515371223 111.57665401862528 -3.754074
16.181717533639812 111.57664624474964 -4.168517
16.181704711115813 111.57664494589947 -3.9867003
16.181691882468897 111.57664364958941 -4.0947304
16.18167905953838 111.57664235103836 -3.9908807
16.18162776889778 111.57663715764748 -3.8862252
16.181621353052076 111.57663651034451 -4.09715
16.181621357596256 111.57663650850738 -3.9043336
16.181621347511093 111.57663651258466 -4.332261
16.181544443364853 111.5766287137201 -4.015684
16.181544449375007 111.57662871129025 -3.760668
16.181538033065248 111.57662806405891 -4.0659604
16.181531626199295 111.57662741352482 -4.020335
16.18144834413536 111.57661895732163 -4.0263777
16.18118595321853 111.57659222891431 -3.9414928
16.1811729712425 111.57659097541708 -4.176023
16.181134689930687 111.57658703549934 -3.8990605
16.181128305361906 111.5765863805679 -4.0532475
16.181121909598982 111.57658573018584 -4.689472
16.181115534550223 111.57658507152102 -4.459449
16.181102784365766 111.57658375439962 -4.031951
16.18109640503847 111.57658309763765 -4.012063
16.181090025603105 111.57658244097676 -4.006026
16.181051747040524 111.5765785034795 -4.279842
16.181019864459554 111.5765752168222 -4.0157194
16.181013486646172 111.57657456018246 -4.0412936
16.18100711154555 111.57657390250112 -3.9592135
16.180936963190465 111.57656668055445 -4.447219
16.18093697101771 111.57656667738941 -4.1150875
16.180930594122025 111.57656602108139 -4.187206
16.180917850753815 111.57656470585385 -4.026542
16.180911475352957 111.57656404909807 -4.051389
16.18057369577339 111.576529262746 -4.079696
16.180560939027938 111.576527956356 -4.4880676
16.180560946035754 111.5765279535218 -4.190664
16.18052270135741 111.57652402479192 -4.2469697
16.180509957228374 111.5765227138061 -4.0599494
16.180503581808274 111.57652205971493 -4.1022215
16.18049720424522 111.57652140748301 -4.311458
16.18049083205236 111.5765207521445 -4.2074127
16.18048445415387 111.57652009914196 -4.340626
16.180471706331755 111.57651879047636 -4.293691
16.18028676488688 111.57649985833193 -4.305753
16.180274005342806 111.57649855617325 -4.350745
16.180274028254086 111.5764985469057 -3.3783202
16.1802676243046 111.57649790514482 -4.372898
16.18026124730862 111.57649725249425 -4.214182
16.17997385030795 111.57646806619987 -4.3680434
16.179935502025582 111.57646418632707 -3.754921
16.179929096407484 111.57646354533178 -4.203652
16.1799290834713 111.57646355056545 -4.752737
16.17987802276027 111.57645834932967 -4.7440495
16.179871624236593 111.57645770571749 -4.4407134
16.17986521356843 111.57645706652413 -4.5985622
16.17978831233462 111.57644938515625 -4.377557
16.179781911913533 111.57644874209923 -3.9666338
16.179781902432303 111.57644874593544 -4.3690705
16.179775486470763 111.57644810866682 -4.5642185
16.179769078018754 111.57644746834187 -4.427678
16.17976906992798 111.5764474716155 -4.7710958
16.179756254116402 111.57644619046852 -4.413081
16.17943529819277 111.57641436031267 -4.501728
16.179396748422683 111.57641055144109 -4.471178
16.179383896549762 111.57640928187249 -4.4411106
16.179383895904095 111.57640928213378 -4.468513
16.179377468580306 111.5764086478631 -4.5012326
16.179345335832313 111.57640547445938 -4.3937845
16.17933247807468 111.57640420675507 -4.5008054
16.179332474771325 111.57640420809194 -4.640999
16.17919746949652 111.57639089051519 -4.490914
16.178927349236144 111.57636425221075 -4.553825
16.178920918636837 111.57636361684696 -4.504973
16.178920917673025 111.57636361723709 -4.5458694
16.178895188040613 111.576361078379 -4.6712894
16.178895190939752 111.57636107720549 -4.548276
16.178888758951743 111.57636044223854 -4.5658593
16.17886946644692 111.57635853574165 -4.4834633
16.178869465689004 111.57635853604843 -4.515622
16.17885659572203 111.57635726824704 -4.8236136
16.17878585335816 111.57635027637274 -4.9568906
16.17877943362982 111.57634963590516 -4.501822
16.178772996803467 111.5763490032576 -4.8546147
16.178773005643038 111.57634899967938 -4.4795628
16.17876657199375 111.57634836478658 -4.6229167
16.17872156298632 111.57634390896679 -4.6202035
16.178573712138935 111.5763292549687 -4.468893
16.178567289965144 111.57632861404599 -4.394404
16.17856086352576 111.57632797531068 -4.5487437
16.17854800988721 111.57632669615035 -4.749277
16.178541587090027 111.57632605491017 -4.690115
16.178496625716903 111.57632156640796 -4.5688396
16.178490205132796 111.57632092412148 -4.478686
16.178483775966633 111.57632028529275 -4.7608304
16.178368210944498 111.57630871979241 -4.5788937
16.178368207664466 111.57630872112034 -4.71804
16.178355377711608 111.57630743152731 -4.427564
16.177951571656564 111.57626668556024 -3.1949239
16.177951538446397 111.57626669849061 -4.5601473
16.177945137808905 111.57626604849827 -4.5218644
16.177932336007125 111.5762647488015 -4.5036907
16.17793233427348 111.57626474950347 -4.577231
16.17792593743849 111.57626409804695 -4.413713
16.17791313780576 111.5762627985927 -4.4566426
16.17790674061562 111.57626214735922 -4.3443227
16.177893942218706 111.57626084708372 -4.3666897
16.177887540462525 111.57626019729896 -4.4437947
16.17788113830364 111.57625954818872 -4.590499
16.177670150764783 111.57623803340888 -4.332697
16.17765736807412 111.57623672835396 -4.491982
16.177657369648724 111.57623672771633 -4.425187
16.177638203880953 111.57623476781579 -4.460974
16.177638207256877 111.57623476644874 -4.317767
16.17763182182964 111.57623411243354 -4.25903
16.17763182167646 111.57623411249557 -4.2655277
16.17761904336717 111.57623280664376 -4.417987
16.17761262863587 111.57623216413829 -5.596353
16.17760627121538 111.57623149798468 -4.314601
16.177478597768427 111.57621840834163 -4.2536387
16.177472215640858 111.57621775361818 -4.2907386
16.177465833027263 111.57621709913846 -4.3589363
16.177363772580094 111.57620660957798 -4.2686367
16.177351022526057 111.57620529615548 -4.1104426
16.177338266988343 111.57620398514968 -4.2224665
16.17729359559995 111.57619939948395 -4.1741586
16.177280855363293 111.57619808513134 -4.1826096
16.1772808433223 111.57619809000795 -4.6934395
16.17726174497287 111.5761961154275 -4.380984
16.177255380590957 111.57619545614537 -4.179438
16.177249011071755 111.57619479899162 -4.2038836
16.177236265984956 111.5761934872763 -4.5330615
16.17717259709762 111.5761869090718 -4.264126
16.177172599052824 111.5761869082799 -4.181174
16.17715986303085 111.57618559351457 -4.256619
16.177058011075463 111.57617507218116 -4.5921383
16.17705165565153 111.5761744111606 -4.2504754
16.177051652764753 111.57617441232988 -4.3729587
16.17698164760776 111.57616717700887 -4.4790244
16.176714416966472 111.57613956365994 -4.284529
16.17670169104543 111.57613825001394 -4.2724295
16.176695323603955 111.57613759551666 -4.4933457
16.176695326874448 111.57613759419166 -4.354555
16.176688966679542 111.57613693629487 -4.225271
16.176682591076037 111.57613628417663 -4.7070966
16.176644418152136 111.57613234249995 -4.39525
16.17663169902454 111.57613102743615 -4.113032
16.176618967644394 111.57612971642878 -4.2560925
16.176606235848666 111.57612840560535 -4.3985796
16.176606233993148 111.57612840635713 -4.4773264
16.176599874468543 111.5761277488826 -4.3139763
16.1765935097146 111.57612709257474 -4.287965
16.176587144993004 111.5761264367472 -4.296627
16.17642798045798 111.57611006327775 -4.8971357
16.17641525966237 111.57610874937266 -4.3312936
16.176408887940344 111.57610809652586 -4.4783397
16.17639615372272 111.57610678708964 -4.359597
16.176383413098645 111.57610548024122 -4.483865
16.17623687933344 111.57609045695393 -4.362267
16.176230498200873 111.57608980772594 -4.6802783
16.17622413097288 111.57608915285 -4.3988395
16.176166760491796 111.57608328627408 -4.3370566
16.17616038420479 111.5760826349166 -4.3440914
16.17615400649777 111.57608198411717 -4.4014587
16.17615400673247 111.57608198402205 -4.391496
16.176020089456447 111.5760683058108 -4.430517
16.176007316751278 111.57606701048718 -4.4349375
16.176007320963816 111.57606700877979 -4.256117
16.175988155460452 111.57606506917159 -4.5352435
16.175981776087117 111.57606441904188 -4.232451
16.17598177368667 111.57606442001483 -4.334349
16.17596260647998 111.57606247979898 -4.4740505
16.175956219205354 111.57606183227547 -4.422659
16.175949831778276 111.57606118430206 -4.3264427
16.175911492187062 111.57605730529143 -4.4419694
16.17585396756489 111.57605149002059 -4.47008
16.175828400481414 111.5760489053012 -4.2711754
16.175815605227637 111.5760476172332 -4.5851445
16.17581561139689 111.57604761473246 -4.323255
16.17580921556581 111.57604696991582 -4.3881993
16.175719662492412 111.57603794457033 -4.8133082
16.1757132680889 111.57603729859329 -4.662937
16.175706875637044 111.57603665174464 -4.416514
16.17570047652168 111.57603600759577 -4.4460588
16.17570046980247 111.57603601031963 -4.7312956
16.175694076208533 111.57603536389117 -4.5164485
16.1756876773454 111.57603471955717 -4.515317
16.17568767040383 111.57603472237119 -4.8099933
16.17567487711385 111.57603343177928 -4.5896482
16.17566207808455 111.57603214334509 -4.57351
16.17565568592354 111.576031496083 -4.238578
16.17564928312304 111.57603085309121 -4.345558
16.175123794021022 111.57597816087365 -4.4884157
16.175110948735178 111.57597688309902 -5.1184483
16.17511096212721 111.57597687766864 -4.5499854
16.175104546488836 111.57597623587102 -4.5601087
16.175027550591818 111.5759685340536 -4.6638427
16.175021135811008 111.57596789131533 -4.5783715
16.175014721974417 111.57596724814978 -4.4487376
16.175008294145265 111.57596661061403 -4.909028
16.174501233983914 111.57591581668152 -4.5374856
16.174494816248124 111.57591517190724 -4.5039573
16.174154696643228 111.57588099116467 -4.513586
16.174148288894433 111.5758803425278 -4.167571
16.174141867676838 111.57587969937363 -4.3963356
16.173872491182813 111.57585258652502 -4.15959
16.173859666128923 111.57585129597908 -4.2228236
16.173859666815694 111.57585129570049 -4.1936812
16.173853251614872 111.57585065157883 -4.3456454
16.173853255784575 111.57585064988744 -4.1687083
16.173840423875134 111.57584936335904 -4.631584
16.173744275754014 111.5758396767809 -4.273101
16.17373145735899 111.57583838549493 -4.245679
16.17373145311147 111.57583838721794 -4.425915
16.173725039246587 111.57583774351575 -4.6151223
16.173725042821097 111.57583774206574 -4.463445
16.17371859624078 111.57583711172298 -6.048558
16.17371863519411 111.5758370959214 -4.3956504
16.173680173301555 111.57583322677141 -4.7801
16.173455967535936 111.57581065160937 -4.457936
16.1734559614387 111.575810654083 -4.716653
16.173449563239537 111.57581000554899 -4.464111
16.173443156506192 111.57580936054843 -4.579199
16.17343035688973 111.57580806562717 -4.278723
16.17317430843022 111.57578224899251 -4.7347193
16.173174315978738 111.5757822459297 -4.414424
16.173167912044377 111.5757816032689 -4.6485987
16.173135922220087 111.57577837918261 -4.6345515
16.173097542029662 111.5757745106282 -4.513873
16.173046369057364 111.57576935672547 -4.57135
16.173046374886415 111.57576935436018 -4.324013
16.173039978058064 111.57576871061588 -4.3636694
16.173007998503167 111.57576549140413 -4.445324
16.1727970273539 111.57574426549222 -4.2728148
16.172790633278282 111.57574362416197 -4.3857827
16.17278424388441 111.57574298101908 -4.3045316
16.172752288192626 111.57573977159231 -4.455303
16.172745899988904 111.57573912848468 -4.349641
16.172739510463146 111.5757384859989 -4.3043327
16.172394556056044 111.57570387552425 -4.1425076
16.172388164788252 111.5757032371826 -4.316773
16.172381781952186 111.57570259595217 -4.176018
16.172375393203023 111.57570195717419 -4.2885513
16.17236900778903 111.57570131757484 -4.302261
16.172362616846435 111.57570067978848 -4.512485
16.172260447635992 111.57569044786159 -4.6290665
16.172260455734364 111.57569044457347 -4.2854004
16.1722604528897 111.57569044572847 -4.4061184
16.172215724510277 111.57568590799765 -4.519535
16.172209346414434 111.57568527071899 -4.3080325
16.17220296380849 111.57568463530147 -4.289251
16.172196579889725 111.5756840004448 -4.327451
16.172151898604437 111.57567955455988 -4.364616
16.172145507619653 111.57567892320226 -4.7510724
16.172145518245877 111.5756789188873 -4.3001223
16.17205615833066 111.57567002787465 -4.4412713
16.17204339777056 111.57566875581064 -4.2748685
16.17184552316017 111.57564904550769 -4.445631
16.171692307948298 111.5756337423853 -4.3765826
16.171679540917285 111.57563246358329 -4.2458835
16.17164761095724 111.57562926926744 -4.386398
16.1715071112474 111.57561517372058 -4.258209
16.171500723339722 111.57561453175887 -4.2689095
16.171494337287694 111.57561388887001 -4.196367
16.171494302258004 111.57561390310366 -5.6831565
16.17125791978248 111.57559002728138 -3.9597776
16.171251524723193 111.57558938069644 -4.0750685
16.171245132750173 111.57558873313154 -4.0941505
16.171232350961716 111.57558743552723 -3.942866
16.17123234121601 111.57558743948788 -4.3565254
16.171200386350634 111.57558419189917 -3.8919556
16.171193986482557 111.57558354536548 -4.159867
16.171193990079622 111.5755835439036 -4.0071883
16.171053301450186 111.57556922197298 -3.841622
16.171046907448623 111.57556856904519 -3.804366
16.171046906361344 111.57556856948709 -3.8505166
16.171040475818096 111.57556793022388 -5.2773085
16.170995712953655 111.57556334727137 -4.440037
16.17098293111048 111.57556203284891 -3.8264477
16.17098292297241 111.57556203615648 -4.171875
16.17064996403383 111.57552764575325 -3.8266978
16.170643553771697 111.5755269800485 -3.9344678
16.170637149686534 111.5755263117137 -3.7754478
16.17060511264835 111.575522976542 -3.7393959
16.170605112903303 111.57552297643839 -3.7285745
16.170598707415035 111.57552230800604 -3.6023471
16.170444870691956 111.57550628348454 -3.8767583
16.170323065687846 111.57549358588898 -3.5897346
16.170316655793837 111.57549291702651 -3.504365
16.170310239343905 111.57549225083214 -3.6950064
16.170297413915453 111.57549091539627 -3.7498152
16.170175582171684 111.57547823141142 -3.640678
16.170015257707245 111.57546158074935 -3.624983
16.170008840691093 111.57546091752322 -3.790087
16.170008837573562 111.57546091878983 -3.922396
16.169874171577792 111.57544698324564 -3.7307851
16.169867760335336 111.57544632096388 -3.7046769
16.169867762056047 111.57544632026482 -3.6316516
16.16985493449509 111.57544499723181 -3.7171624
16.169617691366106 111.57542056718658 -3.6910458
16.169611286238236 111.57541991380558 -3.457739
16.169502312011097 111.57540887225936 -3.7392957
16.16949590643534 111.5754082224693 -3.5776997
16.16949590588175 111.57540822269421 -3.601192
16.16948949355726 111.57540757583153 -3.729172
16.169271644518602 111.57538562204404 -3.1251197
16.16927164001873 111.57538562387226 -3.3160717
16.169265232946763 111.57538498097105 -3.3461492
16.169149932118696 111.57537342433416 -3.4339266
16.169111513943964 111.57536957787053 -3.2251947
16.16909872658445 111.57536828920013 -2.393913
16.16909870402395 111.57536829836691 -3.3512547
16.168881038938782 111.57534657150963 -3.0576687
16.16886822550722 111.57534530100997 -3.5858269
16.168829839028778 111.57534147030745 -3.033278
16.16865068975575 111.57532363167142 -2.766317
16.168644285771204 111.57532299817035 -3.0931299
16.168637892001954 111.5753223595949 -2.9091327
16.168298958689668 111.57528859698353 -2.2789016
16.168292569845548 111.57528795706044 -2.1913984
16.16828616900515 111.57528732199098 -2.6148534
16.16824144321468 111.57528284463652 -2.3499923
16.168235053129496 111.57528220496768 -2.3302226
16.168235056135774 111.57528220374532 -2.2026496
16.168190319103058 111.57527772771265 -2.3733337
16.167640739183163 111.57522248961335 -1.100511
16.167576818361333 111.57521603845466 -0.72278696
16.1675704240343 111.57521539312033 -0.70431143
16.16756403005285 111.57521474804562 -0.7078747
16.167263409319922 111.57518438268055 -0.7245739
16.16712901095738 111.57517079485952 -0.73577005
16.1671226129309 111.575170146294 -0.5952838
16.167116214148066 111.57516949797859 -0.48187324
16.166872817680574 111.57514484806183 -0.41673088
16.166866411240555 111.57514419726897 -0.3090319
16.166507408057356 111.57510790982782 -0.34521294
16.16649458379673 111.57510661856833 -0.33914328
16.16637916956192 111.57509501415593 -0.03553486
16.16634069484942 111.57509115520492 -0.047380865
16.166340689788022 111.57509115726477 -0.26215884
16.166334282069915 111.57509051308647 -0.10465054
16.165456288104952 111.57500385384084 -3.5079305
