0.2 0.6 0.448
0.1 0.6 0.427
0.3 0.1 0.149
0.2 0.7 0.451
0.2 0.1 0.251
0.1 0.7 0.404
0.2 0.8 0.458
0.3 0.2 0.177
0.1 0.8 0.38
0.2 0.9 0.471
0.2 0.2 0.298
0.1 0.1 0.079
0.3 0.3 0.406
0.1 0.9 0.423
0.2 1.0 0.471
0.3 0.4 0.447
0.2 0.3 0.177
0.3 0.6 0.48
0.1 1.0 0.392
0.3 0.5 0.478
0.3 0.7 0.481
0.2 0.4 0.423
0.1 0.2 0.093
0.4 0.6 0.484**
0.4 0.1 0.161
0.3 0.8 0.484**
0.2 0.5 0.384
0.4 0.7 0.484**
0.3 0.9 0.489**
0.4 0.2 0.408
0.1 0.3 0.311
0.4 0.8 0.486**
0.5 0.1 0.172
0.3 1.0 0.473
0.4 0.3 0.444
0.4 0.9 0.485**
0.5 0.6 0.483
0.5 0.2 0.412
0.1 0.4 0.3
0.4 0.4 0.483
0.4 1.0 0.483
0.5 0.7 0.48
0.5 0.3 0.465
0.4 0.5 0.486**
0.5 0.8 0.482
0.1 0.5 0.367
0.6 0.1 0.379
0.5 0.4 0.481
0.6 0.6 0.482
0.5 0.9 0.481
0.6 0.2 0.421
0.5 0.5 0.484**
0.7 0.1 0.355
0.6 0.7 0.481
0.5 1.0 0.421
0.6 0.3 0.477
0.7 0.6 0.48
0.6 0.8 0.48
0.7 0.2 0.407
0.8 0.1 0.36
0.6 0.4 0.482
0.7 0.7 0.476
0.6 0.9 0.479
0.7 0.3 0.458
0.8 0.2 0.408
0.6 1.0 0.473
0.6 0.5 0.48
0.7 0.8 0.425
0.7 0.4 0.473
0.8 0.3 0.432
0.8 0.6 0.447
0.7 0.9 0.475
0.7 0.5 0.474
0.9 0.1 0.355
0.8 0.4 0.461
0.8 0.7 0.468
0.7 1.0 0.417
0.9 0.6 0.442
0.9 0.2 0.401
0.8 0.5 0.468
0.8 0.8 0.417
0.9 0.7 0.468
1.0 0.1 0.356
0.9 0.3 0.469
1.0 0.6 0.47
0.8 0.9 0.472
0.9 0.8 0.413
0.9 0.4 0.464
1.0 0.7 0.468
1.0 0.2 0.426
0.8 1.0 0.419
0.9 0.9 0.454
1.0 0.8 0.462
0.9 0.5 0.462
1.0 0.3 0.464
0.9 1.0 0.461
1.0 0.9 0.468
1.0 0.4 0.469
1.0 1.0 0.463
1.0 0.5 0.465
