0.2 0.9 0.418
0.1 1.0 0.28
0.2 1.0 0.414
0.2 0.1 0.056
0.3 0.1 0.198
0.1 0.1 0.169
0.3 0.2 0.412
0.2 0.2 0.241
0.3 0.3 0.432
0.2 0.3 0.38
0.3 0.4 0.432
0.1 0.2 0.158
0.2 0.4 0.409
0.3 0.5 0.428**
0.3 0.6 0.43
0.2 0.5 0.415
0.1 0.3 0.242
0.3 0.7 0.418
0.2 0.6 0.404
0.3 0.8 0.407
0.2 0.7 0.419
0.1 0.4 0.271
0.3 0.9 0.416
0.2 0.8 0.407
0.3 1.0 0.414
0.4 0.7 0.424
0.1 0.5 0.273
0.4 0.8 0.422
0.4 0.9 0.422
0.4 0.1 0.293
0.1 0.6 0.335
0.4 1.0 0.275
0.4 0.2 0.418
0.1 0.7 0.338
0.5 0.1 0.346
0.4 0.3 0.429**
0.1 0.8 0.325
0.4 0.4 0.429**
0.5 0.2 0.412
0.1 0.9 0.337
0.4 0.5 0.43
0.5 0.3 0.424
0.5 0.6 0.424
0.4 0.6 0.425
0.5 0.4 0.429**
0.5 0.7 0.431
0.6 0.5 0.422
0.5 0.5 0.424
0.5 0.8 0.42
0.6 0.6 0.425
0.7 0.4 0.425
0.5 0.9 0.427
0.6 0.7 0.422
0.7 0.5 0.298
0.5 1.0 0.287
0.6 0.8 0.428**
0.7 0.6 0.299
0.6 0.9 0.424
0.6 0.1 0.415
0.7 0.7 0.418
0.6 1.0 0.423
0.7 0.8 0.422
0.6 0.2 0.42
0.7 0.9 0.422
0.7 0.1 0.405
0.6 0.3 0.42
0.7 1.0 0.289
0.7 0.2 0.418
0.6 0.4 0.423
0.8 0.1 0.418
0.7 0.3 0.29
0.8 0.3 0.42
0.8 0.2 0.417
0.8 0.4 0.422
0.9 0.2 0.41
0.8 0.5 0.426
0.9 0.3 0.42
1.0 0.1 0.414
0.8 0.6 0.423
0.9 0.4 0.428**
1.0 0.2 0.406
0.8 0.7 0.29
0.9 0.5 0.421
1.0 0.3 0.238
0.8 0.8 0.421
0.9 0.6 0.427
1.0 0.4 0.242
0.8 0.9 0.409
0.9 0.7 0.298
1.0 0.5 0.297
0.8 1.0 0.291
0.9 0.8 0.429**
1.0 0.6 0.297
0.9 0.9 0.292
0.9 0.1 0.414
1.0 0.7 0.294
0.9 1.0 0.282
1.0 1.0 0.289
1.0 0.8 0.297
1.0 0.9 0.294
