0.2 0.9 0.387**
0.1 1.0 0.383
0.2 1.0 0.379
0.2 0.1 0.371
0.3 0.1 0.362
0.1 0.1 0.232
0.3 0.2 0.369
0.2 0.2 0.364
0.3 0.3 0.375
0.2 0.3 0.368
0.3 0.4 0.383
0.1 0.2 0.37
0.2 0.4 0.383
0.3 0.5 0.383
0.3 0.6 0.381
0.2 0.5 0.385**
0.1 0.3 0.377
0.3 0.7 0.382
0.2 0.6 0.384
0.3 0.8 0.384
0.2 0.7 0.38
0.3 0.9 0.385**
0.1 0.4 0.382
0.2 0.8 0.384
0.3 1.0 0.383
0.4 0.7 0.375
0.1 0.5 0.386**
0.4 0.8 0.384
0.4 0.1 0.361
0.4 0.9 0.385**
0.1 0.6 0.384
0.4 1.0 0.384
0.4 0.2 0.366
0.1 0.7 0.383
0.4 0.3 0.373
0.5 0.1 0.367
0.1 0.8 0.385**
0.4 0.4 0.377
0.5 0.2 0.365
0.1 0.9 0.386**
0.4 0.5 0.38
0.5 0.3 0.375
0.5 0.6 0.382
0.4 0.6 0.382
0.5 0.4 0.378
0.5 0.7 0.383
0.6 0.5 0.374
0.5 0.8 0.375
0.5 0.5 0.382
0.6 0.6 0.375
0.5 0.9 0.377
0.7 0.4 0.366
0.6 0.7 0.379
0.5 1.0 0.381
0.7 0.5 0.377
0.6 0.8 0.379
0.7 0.6 0.376
0.6 0.9 0.37
0.6 0.1 0.352
0.7 0.7 0.373
0.6 1.0 0.374
0.7 0.8 0.372
0.6 0.2 0.365
0.7 0.9 0.378
0.7 0.1 0.358
0.6 0.3 0.367
0.7 1.0 0.38
0.7 0.2 0.363
0.6 0.4 0.365
0.8 0.1 0.362
0.7 0.3 0.365
0.8 0.3 0.368
0.8 0.2 0.363
0.8 0.4 0.37
0.9 0.2 0.35
0.8 0.5 0.364
0.9 0.3 0.362
1.0 0.1 0.348
0.8 0.6 0.367
0.9 0.4 0.368
1.0 0.2 0.356
0.8 0.7 0.376
0.9 0.5 0.367
1.0 0.3 0.361
0.8 0.8 0.376
0.9 0.6 0.358
1.0 0.4 0.363
0.8 0.9 0.372
0.9 0.7 0.362
1.0 0.5 0.357
0.8 1.0 0.372
0.9 0.8 0.365
1.0 0.6 0.35
0.9 0.9 0.363
1.0 0.7 0.371
0.9 0.1 0.355
0.9 1.0 0.369
1.0 1.0 0.348
1.0 0.8 0.369
1.0 0.9 0.365
