0.2 0.6 1.486**
0.1 0.6 1.484**
0.3 0.1 1.418
0.2 0.1 1.397
0.2 0.7 1.487**
0.1 0.7 1.481
0.1 0.1 0.925
0.3 0.2 1.458
0.2 0.2 1.46
0.2 0.8 1.482
0.1 0.8 1.483**
0.3 0.3 1.472
0.1 0.2 0.426
0.2 0.3 1.476
0.2 0.9 1.477
0.1 0.9 1.478
0.3 0.4 1.477
0.2 1.0 1.476
0.2 0.4 1.48
0.1 0.3 0.431
0.1 1.0 1.474
0.3 0.5 1.483**
0.3 0.6 1.483**
0.2 0.5 1.482
0.1 0.4 1.48
0.4 0.6 1.482
0.4 0.1 1.439
0.3 0.7 1.481
0.5 0.1 1.432
0.4 0.7 1.481
0.1 0.5 1.483**
0.4 0.2 1.456
0.3 0.8 1.483**
0.5 0.2 1.453
0.4 0.8 1.465
0.5 0.6 1.48
0.4 0.3 1.469
0.3 0.9 1.477
0.5 0.3 1.457
0.4 0.9 1.473
0.5 0.7 1.47
0.4 0.4 1.474
0.3 1.0 1.471
0.5 0.4 1.467
0.4 1.0 1.472
0.5 0.8 1.476
0.4 0.5 1.48
0.6 0.1 1.428
0.5 0.5 1.477
0.6 0.6 1.48
0.5 0.9 1.471
0.7 0.1 1.439
0.6 0.2 1.451
0.7 0.6 1.481
0.6 0.7 1.48
0.5 1.0 1.464
0.7 0.2 1.45
0.6 0.3 1.462
0.7 0.7 1.469
0.6 0.8 1.475
0.8 0.1 1.435
0.7 0.3 1.458
0.6 0.4 1.476
0.7 0.8 1.462
0.6 0.9 1.476
0.8 0.2 1.451
0.7 0.4 1.466
0.6 0.5 1.471
0.7 0.9 1.479
0.6 1.0 1.456
0.8 0.3 1.455
0.7 0.5 1.474
0.8 0.6 1.47
0.7 1.0 1.471
0.8 0.4 1.466
0.9 0.1 1.443
0.9 0.6 1.473
0.8 0.7 1.466
1.0 0.1 1.437
0.8 0.5 1.46
0.9 0.2 1.454
0.9 0.7 1.471
0.8 0.8 1.455
1.0 0.2 1.448
1.0 0.6 1.453
0.9 0.3 1.467
0.9 0.8 1.473
0.8 0.9 1.477
1.0 0.3 1.455
1.0 0.7 1.476
0.9 0.4 1.473
0.9 0.9 1.48
0.8 1.0 1.459
1.0 0.4 1.467
1.0 0.8 1.471
0.9 0.5 1.475
0.9 1.0 1.471
1.0 0.5 1.468
1.0 0.9 1.483**
1.0 1.0 1.468
