filename beam SNR SSH acmx acmz krra krrg latmin lonmin latmax lonmax
ATL03_20210214031837_07961007_005_01.h5 2l 0.333 3.277 0.4 0.8 0.001 0.001 16.931002055422073 112.33505062226186 16.939999883647396 112.33596301779427
lat lon elevation confidence
16.93999338823948 112.33596126803316 2.3346755504608154 high
16.939986963844596 112.33596051866729 1.8354012966156006 high
16.939954887387067 112.33595737559611 2.112719774246216 high
16.93994205422618 112.33595606204351 1.9735513925552368 high
16.939935639890127 112.33595543271716 2.0309340953826904 high
16.939877913358153 112.33594967124999 2.149060010910034 high
16.939871502230822 112.3359490573716 2.287548542022705 high
16.939833026736107 112.33594518466374 2.2753565311431885 high
16.939833029972934 112.3359452304253 2.4844183921813965 high
16.939826617198612 112.3359445710863 2.4226670265197754 high
16.939768822856127 112.33593875899969 2.050325870513916 high
16.93969205843075 112.33593064173905 1.2287999391555786 high
16.939672895620554 112.33592892822621 2.4857177734375 high
16.939672895334894 112.33592892418774 2.4672679901123047 high
16.939640926773755 112.33592560572522 2.465559482574463 high
16.93962813347015 112.33592417678553 2.0062317848205566 high
16.93962174498344 112.33592357392888 2.2875561714172363 high
16.939602567306355 112.3359215777544 2.2786130905151367 high
16.93956421702223 112.33591755401716 2.1334218978881836 high
16.939525861498836 112.33591341624228 1.4892216920852661 high
16.93951947816379 112.33591285026255 1.9485344886779785 high
16.939436365076944 112.33590349523979 -1.167482852935791 high
16.939429971488288 112.33590276031289 -1.4747493267059326 high
16.939410802822096 112.33590070572969 -1.7092747688293457 high
16.939398033294616 112.33589948643943 -1.1765098571777344 high
16.93938525826145 112.33589817095114 -1.0829178094863892 high
16.93938525835618 112.33589817229043 -1.0767991542816162 high
16.939372473959935 112.33589670636832 -1.6702736616134644 high
16.939359702264063 112.33589540225336 -1.5244611501693726 high
16.9393596954364 112.33589530572145 -1.9654666185379028 high
16.93931498977004 112.33589073767016 -1.4661563634872437 high
16.939308601227857 112.33589005321282 -1.5403465032577515 high
16.9392830524835 112.33588738523072 -1.5182989835739136 high
16.939276662512594 112.33588666398136 -1.7612441778182983 high
16.93926388554649 112.33588528870374 -1.9393986463546753 high
16.939257496534058 112.335884606229 -2.004594326019287 high
16.93923833784463 112.33588262102518 -1.9185773134231567 high
16.939225563993876 112.33588128624845 -1.9133943319320679 high
16.939206402297252 112.33587926778864 -1.9816302061080933 high
16.939193638297745 112.33587806942566 -1.3554692268371582 high
16.93915530140886 112.33587383955762 -2.383836269378662 high
16.9391489236443 112.33587328726126 -1.8593049049377441 high
16.93911699178686 112.33586996111998 -1.8206201791763306 high
16.939065889051996 112.33586453725641 -2.2463159561157227 high
16.9390531230869 112.3358633122235 -1.7600352764129639 high
16.93904034477404 112.33586192785324 -2.0034661293029785 high
16.939021179317862 112.33585989913176 -2.153984546661377 high
16.93898285374989 112.33585591541714 -2.1359283924102783 high
16.9381765588137 112.33577411678306 -3.430241823196411 high
16.93808676086456 112.33576543372877 -3.108142852783203 high
16.938022632192407 112.33575943072165 -2.014873743057251 high
16.93797771749489 112.33575491713283 -2.6861584186553955 high
16.93796489182833 112.33575373261607 -2.3991315364837646 high
16.93795205579112 112.33575241352541 -2.7269837856292725 high
16.937945643197953 112.33575181028662 -2.6344363689422607 high
16.93793281175234 112.3357505414636 -2.7335240840911865 high
16.937913568875928 112.33574869670595 -2.615304708480835 high
16.93790073416363 112.33574737839601 -2.9407405853271484 high
16.937875078469663 112.33574493039787 -2.7295494079589844 high
16.937855834110803 112.33574305203572 -2.764023542404175 high
16.937836593070475 112.3357411744926 -2.795079231262207 high
16.937830178031433 112.33574054141906 -2.8377506732940674 high
16.93782376295347 112.33573990703015 -2.886276960372925 high
16.93781734900316 112.33573928778979 -2.8654284477233887 high
16.93779810761714 112.33573743159465 -2.794792652130127 high
16.937778866383294 112.33573557036416 -2.7451796531677246 high
16.937766035439772 112.33573427516272 -2.9593632221221924 high
16.937766039991555 112.33573433951302 -2.6653685569763184 high
16.937746793488348 112.3357323875813 -3.026283025741577 high
16.937721142707996 112.33572992785494 -2.8505306243896484 high
16.937721144046765 112.33572994678146 -2.764061450958252 high
16.937714732495497 112.3357293316056 -2.7208147048950195 high
16.937689080474446 112.33572682960752 -2.731062173843384 high
16.937676254848245 112.33572557605586 -2.7454617023468018 high
16.9376634337191 112.33572438050096 -2.4931888580322266 high
16.937618548905547 112.33571995570944 -2.694997549057007 high
16.93757367028957 112.33571558160196 -2.6386406421661377 high
16.93756084724924 112.3357143080976 -2.726006031036377 high
16.937554438309867 112.3357137051792 -2.6142172813415527 high
16.937535201319683 112.33571174181273 -2.9815433025360107 high
16.93752879773012 112.33571120725087 -2.5549685955047607 high
16.937515973591275 112.3357098927812 -2.8208019733428955 high
16.9375159791951 112.33570997199783 -2.458883047103882 high
16.937483943821942 112.33570699202541 -1.7132790088653564 high
16.937471113856606 112.33570556812582 -2.469574451446533 high
16.93743907242303 112.33570244639378 -2.3465349674224854 high
16.93740063329486 112.33569875588273 -1.9210740327835083 high
16.93737499915926 112.33569615638469 -2.2570228576660156 high
16.937355783674256 112.33569431355343 -2.0130205154418945 high
16.937330155698017 112.33569173984107 -2.208249568939209 high
16.937310940257188 112.33568986447679 -2.0948801040649414 high
16.937298126016497 112.33568854719937 -2.3212695121765137 high
16.937298129046003 112.33568859002277 -2.1256191730499268 high
16.937285317824404 112.3356873063753 -2.194883108139038 high
16.93727251378092 112.33568611510877 -1.8385685682296753 high
16.937201996413798 112.33567913803701 -2.089787006378174 high
16.937195600786815 112.33567843458032 -2.342883586883545 high
16.93717642296256 112.33567643992346 -2.5684053897857666 high
16.93715725472927 112.33567456313882 -2.2479217052459717 high
16.937144468498815 112.3356731978869 -2.5513546466827393 high
16.937138078116153 112.33567255119361 -2.53771710395813 high
16.937125298119284 112.33567125010747 -2.5437357425689697 high
16.93708057007167 112.33566671989797 -2.4319863319396973 high
16.93708056810996 112.33566669216829 -2.5586776733398438 high
16.937048617055073 112.3356633798194 -2.8072052001953125 high
16.9370358383097 112.33566205609092 -2.8969383239746094 high
16.93694640070528 112.33565294046292 -2.7694931030273438 high
16.936940008477148 112.3356522315548 -3.0203857421875 high
16.936927231683363 112.33565092049746 -3.032993793487549 high
16.93692084317313 112.33565026266912 -3.049117088317871 high
16.936876126720165 112.33564569366975 -2.9865458011627197 high
16.936869740856093 112.3356450577191 -2.8999037742614746 high
16.93680584496503 112.3356383212007 -3.733090877532959 high
16.936799461711 112.33563773669404 -3.4076080322265625 high
16.936799453089996 112.33563761482452 -3.964406967163086 high
16.936780296463247 112.33563576649355 -3.4197328090667725 high
16.936773904232094 112.33563504334077 -3.727248191833496 high
16.936767517022894 112.33563437832284 -3.7694058418273926 high
16.936761132418443 112.3356337773862 -3.5177083015441895 high
16.936671697185165 112.33562469805489 -3.0251336097717285 high
16.936658898910892 112.33562313958065 -4.147061347961426 high
16.93664612489776 112.33562188767475 -3.8696727752685547 high
16.936646117026786 112.33562177640412 -4.378047943115234 high
16.936639732345537 112.33562119186654 -4.049931526184082 high
16.936601385453375 112.33561716437684 -4.4591779708862305 high
16.936595003725014 112.33561663135073 -3.8961293697357178 high
16.93655665811329 112.335612685662 -3.9356513023376465 high
16.9365566652979 112.3356127872314 -3.4715988636016846 high
16.936550276668335 112.33561212799906 -3.4874236583709717 high
16.936531097099774 112.33561008896761 -3.812141180038452 high
16.93650552758646 112.33560744104597 -3.924600124359131 high
16.936447987271773 112.33560147676538 -4.222162246704102 high
16.93643520216624 112.33560019854198 -4.076113700866699 high
16.93640323242832 112.33559693203158 -4.041791915893555 high
16.93637125941599 112.33559369388371 -3.8871710300445557 high
16.9363584667368 112.33559236738802 -3.9710044860839844 high
16.936358465358108 112.3355923478968 -4.060056686401367 high
16.936345667834445 112.3355909643687 -4.406225681304932 high
16.93632648656591 112.33558907995592 -4.058281898498535 high
16.93632008384945 112.33558834397846 -4.4355268478393555 high
16.936288085526787 112.33558492175834 -5.152140140533447 high
16.93627530424805 112.33558382801952 -4.185377597808838 high
16.93618569773524 112.3355745480716 -4.902156352996826 high
16.936134485672167 112.33556941022118 -4.613386631011963 high
16.936121678917488 112.33556807815778 -4.76638126373291 high
16.93608325714533 112.33556421988638 -4.609627723693848 high
16.93607685261148 112.33556357564706 -4.591495990753174 high
16.93607685366896 112.33556359059698 -4.523191928863525 high
16.936070444990115 112.33556289109556 -4.758281707763672 high
16.936038420570625 112.33555969874212 -4.5511956214904785 high
16.936019194721396 112.33555767352021 -4.93751335144043 high
16.93598093229935 112.33555366173218 -4.887326240539551 high
16.935929579216676 112.33554877091295 -4.003763198852539 high
16.935903875431986 112.33554599929323 -5.071927070617676 high
16.93589744816438 112.33554530224701 -5.359569072723389 high
16.935884608738238 112.33554413085844 -4.919576168060303 high
16.935884607035145 112.33554410678225 -5.029576778411865 high
16.935878179203897 112.33554341079864 -5.314576625823975 high
16.935858909942922 112.33554154146783 -5.175040245056152 high
16.9358075092791 112.3355364522699 -5.309814929962158 high
16.93578181460604 112.3355340344111 -4.814221382141113 high
16.935768955659636 112.33553268205317 -5.225205898284912 high
16.93576895433682 112.3355326633542 -5.310639381408691 high
16.935736814638805 112.33552941534813 -5.7416181564331055 high
16.93571755187946 112.33552780998285 -4.437078952789307 high
16.935704682453505 112.33552633675323 -5.411955833435059 high
16.93565968613204 112.33552191360145 -5.489323616027832 high
16.93565326364658 112.33552137032402 -5.09731388092041 high
16.935646832503867 112.33552070608512 -5.258409023284912 high
16.935582537057293 112.33551435769594 -5.548459053039551 high
16.935556821472094 112.33551186898273 -5.443722248077393 high
16.935550395283347 112.33551129034113 -5.21931266784668 high
16.935466805323706 112.33550307241427 -5.505552768707275 high
16.935460379327765 112.33550250173664 -5.248165130615234 high
16.935441066926074 112.33550030424641 -6.695014953613281 high
16.935428223220008 112.33549927957259 -5.648576259613037 high
16.935415347552524 112.3354978024497 -6.669891834259033 high
16.935389649962968 112.3354956040335 -5.26046895980835 high
16.93537677913174 112.3354941908494 -5.990819454193115 high
16.935357494561682 112.3354923732228 -5.706277370452881 high
16.93535106342201 112.33549172437542 -5.807851791381836 high
16.935318915765503 112.33548856874118 -5.911571979522705 high
16.935306065275718 112.33548742680422 -5.403117656707764 high
16.935261052553958 112.33548288808643 -6.098147869110107 high
16.935241774780923 112.33548107277737 -5.802825450897217 high
16.935228915364505 112.33547977549297 -6.002394676208496 high
16.935228920079922 112.33547984212291 -5.697961330413818 high
16.935222486415636 112.33547914879487 -6.001297473907471 high
16.935209633594763 112.33547792216454 -5.877667427062988 high
16.93520319603181 112.33547715558339 -6.515686988830566 high
16.93518392197952 112.33547539171033 -5.980340003967285 high
16.93517749687226 112.33547479429255 -5.844753742218018 high
16.935158221136454 112.33547297178848 -5.575449466705322 high
16.935158218237728 112.33547293083066 -5.762587070465088 high
16.935132511301987 112.33547042110473 -5.7637104988098145 high
16.935126077264435 112.33546968206991 -6.273423194885254 high
16.935113228018082 112.33546845029709 -6.167171478271484 high
16.935106806415767 112.33546788058867 -5.9024457931518555 high
16.93510038186284 112.3354672669974 -5.837948322296143 high
16.93508753859075 112.33546612990658 -5.295990943908691 high
16.935074677722902 112.33546470721764 -6.058671951293945 high
16.935048981287 112.3354622175998 -5.953934669494629 high
16.935029705919295 112.33546025457433 -6.31050968170166 high
16.93502971302808 112.33546035501007 -5.851612567901611 high
16.935016863713134 112.33545905110942 -6.065568923950195 high
16.934978325678124 112.33545525548982 -6.166749477386475 high
16.934952642183354 112.33545278979867 -5.930485248565674 high
16.934946205512873 112.33545194298372 -6.923046588897705 high
16.93493336804431 112.33545074730715 -6.631678104400635 high
16.934901280319004 112.3354477902333 -5.748610019683838 high
16.934862752209828 112.3354438152525 -6.622125625610352 high
16.934862755359536 112.33544385974884 -6.418817520141602 high
16.934805000563383 112.33543816507796 -6.472865581512451 high
16.934798583514034 112.33543750872137 -6.5844316482543945 high
16.93479217146291 112.33543693296198 -6.326769828796387 high
16.934779337781677 112.33543564919833 -6.413621425628662 high
16.93476009212908 112.33543373274254 -6.498844146728516 high
16.934715190726617 112.33542924196865 -6.763851165771484 high
16.934689399320842 112.33542700223883 -5.967430591583252 high
16.934670181337072 112.33542486855725 -6.906099319458008 high
16.934644570532875 112.33542215863099 -7.532561779022217 high
16.934599784444934 112.33541770386829 -7.2942047119140625 high
16.934599786227334 112.33541772904604 -7.179163932800293 high
16.93456140751598 112.33541394579838 -6.79250955581665 high
16.934542218994864 112.3354120234928 -6.732620716094971 high
16.934529432066086 112.335410788944 -6.476100921630859 high
16.934523028485213 112.33541003088125 -6.990217685699463 high
16.934510235132393 112.33540870083807 -7.166869640350342 high
16.9344974484546 112.33540745332458 -6.964688301086426 high
16.934446265214053 112.33540184925124 -8.944767951965332 high
16.934382370345574 112.33539572809934 -7.351052284240723 high
16.934337623782884 112.3353910754902 -7.896561622619629 high
16.93431846121068 112.33538923483587 -7.426761150360107 high
16.93424817498479 112.33538205502845 -7.6560564041137695 high
16.93419067402959 112.33537615358046 -7.954163074493408 high
16.934120410611946 112.33536897923877 -8.137703895568848 high
16.934088497090436 112.33536603353004 -6.780142784118652 high
16.934024609499374 112.33535927974565 -8.009147644042969 high
16.93398628685054 112.33535535650341 -8.162322998046875 high
16.93390966482236 112.33534779389319 -7.192115783691406 high
16.933903267808052 112.33534701740285 -7.780390739440918 high
16.93389688399718 112.33534639914355 -7.646834850311279 high
16.93388410772296 112.33534508518505 -7.73292875289917 high
16.93387771825904 112.33534440313503 -7.891144275665283 high
16.933858554212968 112.33534240892332 -8.13051986694336 high
16.933826621432015 112.33533923997557 -7.826916217803955 high
16.933801076152285 112.3353367080236 -7.575733661651611 high
16.933762738745802 112.33533268852446 -8.220597267150879 high
16.93373080268556 112.33532951048913 -7.984808444976807 high
16.933654138254713 112.33532182534556 -7.721250057220459 high
16.933615790314242 112.33531785587805 -8.191612243652344 high
16.933609398299343 112.33531719061565 -8.288387298583984 high
16.933558278992884 112.33531216129941 -7.741605281829834 high
16.933519917215744 112.33530814232735 -8.480238914489746 high
16.933519908586533 112.33530802040742 -9.037322044372559 high
16.933468767553073 112.33530293200155 -8.813333511352539 high
16.93346876725621 112.3353029278074 -8.832497596740723 high
16.933334488415255 112.33528950231789 -8.6180419921875 high
16.933315276931058 112.33528761537728 -8.581428527832031 high
16.933276828171664 112.33528359465029 -9.645276069641113 high
16.93324480859888 112.33528060325347 -8.900656700134277 high
16.93323199199765 112.33527928481566 -9.162474632263184 high
16.93322558102433 112.33527859778262 -9.420727729797363 high
16.933212762639616 112.33527728046413 -9.678832054138184 high
16.933142265923625 112.33527024491516 -10.158730506896973 high
16.93313585596868 112.33526960079205 -10.224363327026367 high
16.933129450038077 112.33526901543149 -10.021674156188965 high
16.93309741656648 112.3352660233845 -9.310016632080078 high
16.933078174996336 112.33526396976684 -10.064582824707031 high
16.933065361725973 112.33526281344278 -9.59601879119873 high
16.93302689262603 112.33525897067649 -9.900121688842773 high
16.933020486070866 112.33525840593094 -9.605006217956543 high
16.932975604203595 112.33525397320442 -9.730891227722168 high
16.932911475839106 112.33524761687423 -10.015331268310547 high
16.93282168044173 112.33523864813422 -10.71169662475586 high
16.93278318311991 112.33523467172843 -11.60305118560791 high
16.93253942340622 112.335210729449 -11.26091480255127 high
16.932526582544703 112.33520931489316 -11.929059028625488 high
16.932520170913467 112.33520871820737 -11.757349014282227 high
16.932494503275816 112.3352060977879 -12.130181312561035 high
16.932314894206694 112.33518829982337 -11.961030960083008 high
16.93227641148074 112.33518449062821 -11.83004093170166 high
16.932141732010596 112.33517093781204 -12.158748626708984 high
16.931782918183803 112.33513415238708 -13.257054328918457 high
16.931750903729377 112.33513088852274 -13.123964309692383 high
16.93174451045746 112.33513036759311 -12.493386268615723 high
16.931706094728 112.33512640879636 -12.507912635803223 high
16.93166127356699 112.3351217082923 -12.878762245178223 high
16.931642052417804 112.33511951717756 -13.838363647460938 high
16.931610046055983 112.33511621285409 -13.843680381774902 high
16.93153323628195 112.33510822980912 -14.066157341003418 high
16.93147565052136 112.33510247013459 -13.16936206817627 high
16.931469254119133 112.33510185303149 -12.964353561401367 high
16.931469245808433 112.33510173566673 -13.500655174255371 high
16.931424449392427 112.33509706790005 -13.652621269226074 high
16.931418053546306 112.33509646363345 -13.387505531311035 high
16.931366865399625 112.33509114456871 -13.484882354736328 high
16.93135406912604 112.33508981250122 -13.519425392150879 high
16.93132846718004 112.33508704444986 -14.061924934387207 high
16.931258096523827 112.33507979890979 -13.883275032043457 high
16.93122612138573 112.33507663993446 -13.190963745117188 high
16.939666481340478 112.33592799355968 1.2463148832321167 median
16.939570594511736 112.33591803712085 1.2996571063995361 median
16.93947470619278 112.33590759726826 -0.7220077514648438 median
16.939353294039115 112.33589444562502 -2.842369318008423 median
16.9379584627235 112.33575293752581 -3.181589365005493 median
16.937701896500137 112.3357279564543 -3.293457508087158 median
16.937701916689125 112.3357282274606 -2.055776596069336 median
16.937432651029816 112.3357016460137 -3.123453140258789 median
16.93715724349629 112.33567440435831 -2.9733572006225586 median
16.93678028476065 112.33563560106086 -4.175563812255859 median
16.93671640440855 112.33562908342226 -3.978393793106079 median
16.93671003407002 112.33562867649026 -2.8396499156951904 median
16.936390423591956 112.33559535169807 -5.281169414520264 median
16.9361280677067 112.3355685497124 -5.577627658843994 median
16.936089654700456 112.3355647553994 -5.125688076019287 median
16.936089668632455 112.3355649523606 -4.225802898406982 median
16.936012801442995 112.33555722205415 -4.046200275421143 median
16.93601278678311 112.33555701480508 -4.9930901527404785 median
16.935659678621768 112.33552180744638 -5.974336624145508 median
16.935582527856337 112.3355142276509 -6.14262580871582 median
16.93533176191171 112.33548964558143 -6.7173919677734375 median
16.93477291066098 112.33543485018927 -7.174370288848877 median
16.93475366403167 112.33543290943575 -7.368937969207764 median
16.934554999879285 112.33541314592917 -7.499996662139893 median
16.934516621327077 112.33540923367761 -7.6822662353515625 median
16.934503853555047 112.33540824467696 -6.300221920013428 median
16.93416515045393 112.33537389702633 -6.412856101989746 median
16.934037401168982 112.33536081888006 -6.902320861816406 median
16.934031020627383 112.33536025827453 -6.5011186599731445 median
16.93373081180356 112.33532962491316 -7.462438583374023 median
16.93369882922308 112.33532586440647 -9.896233558654785 median
16.932949931657717 112.33525111519269 -11.287144660949707 median
16.932898672010353 112.33524666890644 -8.59376335144043 median
16.932840956121925 112.33524102265004 -8.497648239135742 median
16.93850996471915 112.33580694461251 -3.200875759124756 median
16.934037379110787 112.33536052165712 -8.259932518005371 low
16.9339351886676 112.33535006889888 -8.635820388793945 low
16.93393521389749 112.33535041093809 -7.07343053817749 low
16.933539070308257 112.33530976301662 -9.884852409362793 low
16.933532708672175 112.3353095506894 -7.91760778427124 low
16.939455585583257 112.33590623847005 2.2155020236968994 low
16.939302205411813 112.33588926519101 -2.087684392929077 low
16.939295868438784 112.33588930844311 1.1626174449920654 low
16.9347601046442 112.33543390953761 -5.691045761108398 low
16.9387272761643 112.33582954445059 -1.8927966356277466 low
16.93820221113075 112.33577655152882 -3.751563310623169 low
16.932654902594734 112.33522220151715 -10.904193878173828 low
16.93262282753864 112.33521906076791 -10.809220314025879 low
16.932456003466285 112.3352021613904 -12.6979398727417 low
16.931987872596473 112.33515515202664 -13.252835273742676 low
