filename beam SNR SSH acmx acmz krra krrg latmin lonmin latmax lonmax
ATL03_20200419053723_03620701_005_01.h5 1l 0.454 2.37 0.5 0.4 0.001 0.0001 16.169015523777695 111.56947973338362 16.18199440755817 111.56817946037293
lat lon elevation confidence
16.1690349598572 111.56947143233296 -3.383413553237915 high
16.16920102021455 111.56945480848437 -3.5049211978912354 high
16.169252129122246 111.5694497791892 -3.0957679748535156 high
16.16926490716438 111.56944851806938 -3.0086662769317627 high
16.169264910851496 111.56944845561628 -3.3025641441345215 high
16.16931603734857 111.56944331503752 -3.3930537700653076 high
16.169578222386516 111.56941703569265 -3.262326240539551 high
16.169584620637277 111.5694164065171 -3.1980369091033936 high
16.169738241384106 111.5694011369544 -2.3879330158233643 high
16.169744642502568 111.5694005549168 -2.0961194038391113 high
16.169751045187965 111.56939994075452 -1.9555431604385376 high
16.169795876642134 111.56939542877535 -1.9706867933273315 high
16.16982790042427 111.56939232136253 -1.4321873188018799 high
16.169866343568156 111.56938842738246 -1.5584954023361206 high
16.16991120370867 111.5693838327884 -1.9433948993682861 high
16.169943244535784 111.56938076994507 -1.181553602218628 high
16.169975297756732 111.56937743433397 -1.7045730352401733 high
16.170026589439253 111.56937226733059 -1.7333186864852905 high
16.17006506028251 111.5693684911582 -1.285186767578125 high
16.170090716324378 111.56936585827282 -1.5291650295257568 high
16.17013562211051 111.5693612126784 -2.133915662765503 high
16.17018052960966 111.56935667724241 -2.2187564373016357 high
16.17019335872154 111.56935541083593 -2.104973316192627 high
16.170199773281965 111.56935480467683 -1.9201555252075195 high
16.170219023726002 111.5693528481804 -2.0162830352783203 high
16.170231684300823 111.56935153559512 -2.2977488040924072 high
16.170276687230828 111.56934704750171 -2.074948787689209 high
16.170276686708362 111.56934705974072 -2.017258405685425 high
16.170315264723108 111.5693432343186 -1.7264384031295776 high
16.170347419978874 111.56933993723102 -2.0012617111206055 high
16.17038600417457 111.56933607470182 -1.891801357269287 high
16.170398864212174 111.56933480560063 -1.7700374126434326 high
16.170405292589866 111.56933417611532 -1.68621027469635 high
16.17045673905809 111.56932905138804 -1.4332081079483032 high
16.17046317242794 111.56932835045312 -1.6868633031845093 high
16.170476036134758 111.56932701828862 -1.8662188053131104 high
16.170476034087326 111.5693270662389 -1.640196681022644 high
16.170540341285236 111.56932059652034 -1.6501349210739136 high
16.170540340412952 111.56932061694748 -1.5538477897644043 high
16.17054677226716 111.56931993855487 -1.7042534351348877 high
16.17057892478817 111.56931667913068 -1.8355348110198975 high
16.170643211355856 111.56931035004254 -1.2270145416259766 high
16.17066892519513 111.56930778275867 -1.1600189208984375 high
16.170707495081626 111.56930384763939 -1.4667205810546875 high
16.17074605311307 111.56930004790067 -1.1483677625656128 high
16.17075247829586 111.56929942656596 -1.0402802228927612 high
16.170752482213693 111.56929933484193 -1.4726401567459106 high
16.170765329018398 111.56929814098808 -1.027936339378357 high
16.170771757111396 111.5692974376725 -1.30745267868042 high
16.170797455016107 111.56929491454747 -1.0618889331817627 high
16.170803877060276 111.56929432816804 -0.792213499546051 high
16.170816729285317 111.56929294934503 -1.2254235744476318 high
16.17083599927736 111.56929103640113 -1.1463719606399536 high
16.170861682217435 111.56928858402053 -0.5853303074836731 high
16.170868105183533 111.56928792103339 -0.6809859275817871 high
16.17088736889657 111.56928601778257 -0.5665614604949951 high
16.17089378965277 111.5692853825172 -0.5333012342453003 high
16.17090021195744 111.56928470483214 -0.7004399299621582 high
16.170913051579586 111.56928344742435 -0.574292004108429 high
16.170932312506512 111.5692814784234 -0.7791696786880493 high
16.17097082265492 111.56927763729777 -0.7445784211158752 high
16.170996488735646 111.56927508775125 -0.6784682273864746 high
16.17099648976857 111.56927506357417 -0.7924325466156006 high
16.170996490895803 111.56927503718943 -0.916803240776062 high
16.171002910285736 111.56927432049366 -1.2751775979995728 high
16.17102856704518 111.56927186812744 -0.7599472999572754 high
16.17103498476074 111.56927115414506 -1.107898473739624 high
16.171086285179854 111.56926607025493 -0.9499664306640625 high
16.171105516812776 111.56926422449285 -0.6115943193435669 high
16.17110551897303 111.56926417393197 -0.8499256372451782 high
16.171105519700205 111.56926415691227 -0.9301522374153137 high
16.171156793213186 111.56925905699252 -0.8891210556030273 high
16.17117601598483 111.56925713004189 -0.9497775435447693 high
16.171246467321907 111.56925015092824 -0.8022660613059998 high
16.17127207870329 111.56924753670059 -1.1226178407669067 high
16.171291276838254 111.56924568466037 -0.856602132320404 high
16.171291275829063 111.5692457082791 -0.745268702507019 high
16.171336070180175 111.56924121964322 -0.9266488552093506 high
16.17134886373901 111.56923994931019 -0.9257937669754028 high
16.17134886352372 111.56923995434899 -0.9020418524742126 high
16.171400023066674 111.56923495795877 -0.5140063166618347 high
16.171425595193814 111.56923243039687 -0.46869054436683655 high
16.171431990704786 111.56923171886874 -0.8337997794151306 high
16.171457554002394 111.56922922538406 -0.6360995769500732 high
16.17147033396724 111.56922796659353 -0.5964488387107849 high
16.171502276585294 111.56922477655796 -0.70838862657547 high
16.17150895036661 111.56922411709526 -0.3739703297615051 high
16.17154079441722 111.56922091104632 -0.718288242816925 high
16.171547163105267 111.56922024776243 -0.8922829627990723 high
16.171598086268485 111.56921525693137 -0.8089960813522339 high
16.171604452472963 111.56921458388003 -1.0316916704177856 high
16.171610814679685 111.56921399747401 -0.8461994528770447 high
16.17171895460823 111.56920344082431 -0.49194544553756714 high
16.17175075167346 111.56920028002459 -0.6563071608543396 high
16.1717698279954 111.56919838050932 -0.7693626284599304 high
16.17176982827397 111.56919837398785 -0.8001040816307068 high
16.1718143293083 111.56919406887343 -0.4633638262748718 high
16.171820688564768 111.5691933965758 -0.6849555969238281 high
16.171827042733298 111.5691928189112 -0.4607853293418884 high
16.171833397425647 111.56919224880225 -0.20043744146823883 high
16.17183975960857 111.56919150292309 -0.7684626579284668 high
16.171858826665982 111.56918970502595 -0.3989236354827881 high
16.1718715413503 111.5691884207339 -0.5556674003601074 high
16.171890612223798 111.56918651183693 -0.7066162824630737 high
16.171922390819283 111.56918339304303 -0.659324586391449 high
16.1719541705786 111.56918030797688 -0.44485151767730713 high
16.17196052879539 111.56917963878992 -0.6469656825065613 high
16.17196688341011 111.56917905455921 -0.44826793670654297 high
16.171973242330058 111.56917837024976 -0.7209899425506592 high
16.171979599363237 111.56917773099889 -0.7809551358222961 high
16.172017737505055 111.56917399612098 -0.6588045358657837 high
16.172024098184053 111.56917328136761 -1.0719375610351562 high
16.17204316832875 111.56917144991209 -0.8337332010269165 high
16.172087672292985 111.5691670499714 -0.8590102791786194 high
16.172087670173358 111.56916709961746 -0.6249806880950928 high
16.17209402902801 111.5691664340931 -0.8012529611587524 high
16.17211946107618 111.5691639743764 -0.545171320438385 high
16.17213853760076 111.56916206743918 -0.6410626769065857 high
16.172163977443326 111.56915951702825 -0.7967789173126221 high
16.17217033887669 111.56915886202376 -0.9160909056663513 high
16.17220214177856 111.56915576405427 -0.6683432459831238 high
16.172227589918624 111.56915324576259 -0.6463230848312378 high
16.172240312936147 111.56915202429921 -0.453945130109787 high
16.17234216387188 111.56914182620667 -0.813616931438446 high
16.172393115034144 111.56913678949775 -0.6236404776573181 high
16.17239948781039 111.56913613712656 -0.7028405070304871 high
16.172424971847693 111.56913367079844 -0.33825790882110596 high
16.172437720027922 111.56913235856713 -0.5231358408927917 high
16.172437721369008 111.5691323271424 -0.6712729334831238 high
16.172444094883076 111.56913169838957 -0.6333732008934021 high
16.17245047011407 111.56913103876222 -0.7401106357574463 high
16.17246321959599 111.56912977088051 -0.708675742149353 high
16.17248234794085 111.56912784471795 -0.7693579196929932 high
16.172482346434393 111.56912788001927 -0.6029462814331055 high
16.17253337509632 111.56912271976165 -0.8358123302459717 high
16.17257165895001 111.56911893122118 -0.5866343975067139 high
16.17257804244072 111.5691182814292 -0.6280727386474609 high
16.172584428685216 111.5691175779996 -0.9213816523551941 high
16.17260996855946 111.56911499405996 -1.0015828609466553 high
16.172635511309284 111.56911249953971 -0.6448533535003662 high
16.17266745883465 111.56910921870941 -0.9427973628044128 high
16.172680237283686 111.56910800069376 -0.6103384494781494 high
16.17268663111798 111.56910730122382 -0.8690441250801086 high
16.17269302075154 111.5691067119717 -0.6071688532829285 high
16.172705808014726 111.5691053815432 -0.7965753674507141 high
16.17275697125491 111.5691002073956 -0.8181535005569458 high
16.17276976656724 111.56909890649666 -0.8486315608024597 high
16.172782286176396 111.56909777248572 -0.6168232560157776 high
16.172852908375155 111.56909051481138 -0.8007846474647522 high
16.172852910415173 111.56909046700139 -1.0261647701263428 high
16.17287860429799 111.56908787386706 -0.8474867939949036 high
16.17288503342259 111.56908714989233 -1.1567769050598145 high
16.172897881956775 111.56908589670184 -0.8559679985046387 high
16.172904308075815 111.56908525476516 -0.7763387560844421 high
16.172917163621754 111.56908392673644 -0.822650671005249 high
16.172942878458727 111.56908131544789 -0.6941450238227844 high
16.172949309683275 111.56908063012287 -0.8132114410400391 high
16.17294931127032 111.56908059293279 -0.9885284304618835 high
16.172949309575653 111.56908063264484 -0.8013226985931396 high
16.172994332907372 111.56907599167639 -0.8767276406288147 high
16.173007199185164 111.5690746600137 -0.919144332408905 high
16.173032939642123 111.56907201679839 -0.8989816308021545 high
16.173071562206022 111.56906805144952 -0.8516566753387451 high
16.173097316328658 111.56906542673127 -0.7196989059448242 high
16.173110197627835 111.56906410049227 -0.7150758504867554 high
16.173116639636426 111.56906340579704 -0.8610679507255554 high
16.173148848860233 111.56906004706623 -1.0430618524551392 high
16.173174619322065 111.56905744090426 -0.7989431619644165 high
16.1732068429223 111.56905409426611 -0.9038249254226685 high
16.173226177862034 111.5690520795997 -0.9952995777130127 high
16.17323907171522 111.56905072106687 -1.1264233589172363 high
16.173277753846662 111.56904677094215 -0.9215315580368042 high
16.173342241341622 111.56904019281784 -0.537523627281189 high
16.173342246573316 111.56904007029962 -1.1150821447372437 high
16.17335514277642 111.56903881546488 -0.7504856586456299 high
16.17337449815065 111.56903673651749 -1.1294991970062256 high
16.173387397314745 111.56903547196956 -0.8095282316207886 high
16.17341965822246 111.56903206237016 -1.1794718503952026 high
16.17345191501123 111.56902875071631 -1.0898319482803345 high
16.173471272905456 111.56902674308577 -1.1334166526794434 high
16.173555162610608 111.56901806048313 -1.2582026720046997 high
16.17356161211688 111.5690174814154 -0.8506359457969666 high
16.17360678715251 111.5690127399489 -1.2497625350952148 high
16.17363904932405 111.56900949013873 -0.8993220329284668 high
16.17366486068919 111.56900679089367 -1.0956891775131226 high
16.173710024778877 111.5690021963245 -0.8472358584403992 high
16.173710028770746 111.56900210291171 -1.2875877618789673 high
16.173710025541695 111.56900217847404 -0.9313838481903076 high
16.173716479831413 111.56900146413277 -1.171111822128296 high
16.173735836274094 111.5689994574166 -1.2509464025497437 high
16.173748740997308 111.56899809685737 -1.4141793251037598 high
16.173755190582483 111.56899747742561 -1.2098171710968018 high
16.17378099491991 111.56899482964882 -1.199948787689209 high
16.17382614626181 111.5689901920469 -1.2262976169586182 high
16.173826145068656 111.56899021996102 -1.0947093963623047 high
16.173839046227823 111.5689888712843 -1.219173789024353 high
16.173851942001225 111.56898758744063 -1.0417582988739014 high
16.17385839327696 111.56898687105426 -1.3049246072769165 high
16.173864842706312 111.56898619349619 -1.3857827186584473 high
16.173871289527884 111.56898557248833 -1.2007991075515747 high
16.17389063055031 111.56898362406325 -1.0538722276687622 high
16.173897080639527 111.56898290793316 -1.3203331232070923 high
16.173961546205142 111.56897626843579 -1.5697237253189087 high
16.17396154479889 111.56897630132723 -1.4146722555160522 high
16.17402598336305 111.56896974887198 -1.3386521339416504 high
16.174038868916668 111.5689683915085 -1.555733561515808 high
16.174058193149026 111.56896645785713 -1.4045443534851074 high
16.174064634506674 111.56896579368136 -1.4487143754959106 high
16.174084081078256 111.5689638323513 -1.1754494905471802 high
16.174084081068482 111.5689638325798 -1.1743723154067993 high
16.174084081570246 111.56896382084662 -1.2296829223632812 high
16.174096939425638 111.56896253161305 -1.1822240352630615 high
16.174154794767805 111.56895669439538 -1.1816253662109375 high
16.17416764657772 111.56895541121207 -1.1269840002059937 high
16.174186924114355 111.56895347137049 -1.1227902173995972 high
16.174231895100206 111.56894892032625 -1.2646586894989014 high
16.17424473951152 111.56894765863038 -1.13219153881073 high
16.174251159232444 111.56894707500065 -0.8448632955551147 high
16.17425758359333 111.56894637564476 -1.1040698289871216 high
16.174264005745606 111.56894572068143 -1.1550028324127197 high
16.174296107863064 111.56894251717392 -1.0888702869415283 high
16.174308946302432 111.5689412504317 -1.0000661611557007 high
16.174334619611127 111.568938669576 -1.0585256814956665 high
16.1743410417826 111.5689379276967 -1.5310646295547485 high
16.174341038014706 111.56893801578178 -1.11582612991333 high
16.174347459205105 111.56893728968812 -1.5149331092834473 high
16.174360290505252 111.56893607513575 -1.195863127708435 high
16.174405201208106 111.56893155329536 -1.3873094320297241 high
16.1744180334985 111.56893021069732 -1.6889002323150635 high
16.17442444692043 111.5689295814627 -1.643068790435791 high
16.174430858575743 111.56892896432325 -1.5416271686553955 high
16.174475742814163 111.5689245449279 -1.3237215280532837 high
16.17449497520381 111.56892263536706 -1.3177058696746826 high
16.174539837063456 111.56891819956702 -1.24392569065094 high
16.174591093793147 111.56891314249691 -1.154015064239502 high
16.174610312381237 111.56891120341466 -1.3361796140670776 high
16.17462311789533 111.56891001813634 -0.9559324383735657 high
16.174661544075924 111.5689061572306 -1.2726019620895386 high
16.17476395814912 111.56889607580503 -1.2532787322998047 high
16.174763961341345 111.56889600119112 -1.6050188541412354 high
16.174763958541572 111.56889606663213 -1.2965210676193237 high
16.17477675531922 111.56889483180512 -1.188660740852356 high
16.174783156455373 111.56889414228964 -1.475770354270935 high
16.174789555090623 111.5688935060267 -1.51259446144104 high
16.17486631772265 111.56888597128828 -1.5381158590316772 high
16.174872711375258 111.56888538777886 -1.3355985879898071 high
16.174879108515825 111.56888469597324 -1.6447299718856812 high
16.174898294113614 111.5688827961427 -1.7471040487289429 high
16.174904685944348 111.56888223439424 -1.4453020095825195 high
16.174904683919504 111.56888228172235 -1.22218918800354 high
16.174911079839998 111.56888161835404 -1.4001556634902954 high
16.17494304742267 111.56887851870339 -1.2757561206817627 high
16.174955834476204 111.56887724949425 -1.3687489032745361 high
16.174968617301268 111.56887601885244 -1.2832509279251099 high
16.17498140528134 111.56887467435398 -1.7364552021026611 high
16.174987795939536 111.56887408536284 -1.571229338645935 high
16.17505809686486 111.56886728435425 -1.3093971014022827 high
16.175070880528654 111.56886596512463 -1.6585431098937988 high
16.175153939144824 111.56885790867209 -1.5310802459716797 high
16.17516032770766 111.56885728517433 -1.54218590259552 high
16.175166715183476 111.56885668470055 -1.445172667503357 high
16.175179491855122 111.56885543659685 -1.474691390991211 high
16.175205040705166 111.56885295257231 -1.4823912382125854 high
16.175205040851285 111.56885294915672 -1.4984931945800781 high
16.17521142768441 111.56885234843973 -1.4054044485092163 high
16.17522420485726 111.56885108131328 -1.529592752456665 high
16.175243365309743 111.56884923534538 -1.4616758823394775 high
16.175275298916723 111.56884617474864 -1.2789314985275269 high
16.17527530272721 111.56884608567512 -1.6988484859466553 high
16.175294463399936 111.56884421842022 -1.7386687994003296 high
16.17531362282773 111.56884236841141 -1.6998122930526733 high
16.17531362031402 111.5688424271724 -1.4227962493896484 high
16.175326393779066 111.56884117592183 -1.482707142829895 high
16.175351971368165 111.56883871819507 -1.330174207687378 high
16.175351969881298 111.56883875295264 -1.1663166284561157 high
16.175358356279343 111.56883808018962 -1.4239916801452637 high
16.175383893719985 111.56883554968498 -1.7005118131637573 high
16.175383893902012 111.56883554542979 -1.7205721139907837 high
16.175390274659414 111.56883500089498 -1.374832272529602 high
16.175409426133687 111.56883310483852 -1.5769166946411133 high
16.175422189118407 111.56883197742823 -1.0678504705429077 high
16.175473260649277 111.56882698385911 -1.31929612159729 high
16.17547964536099 111.56882634454347 -1.422515630722046 high
16.17556902103766 111.56881768765216 -1.4913487434387207 high
16.175626479786445 111.5688120856161 -1.712743878364563 high
16.175696713647646 111.56880531092266 -1.6358693838119507 high
16.175741414835038 111.56880097513947 -1.6959391832351685 high
16.175747800880263 111.5688003609185 -1.6795377731323242 high
16.175766961833805 111.56879846674032 -1.8722060918807983 high
16.17578612057181 111.56879664678803 -1.713338851928711 high
16.175805278790715 111.5687948624905 -1.3846291303634644 high
16.175805278970767 111.56879485828077 -1.4044756889343262 high
16.175837212918893 111.56879179098496 -1.2942306995391846 high
16.17585637599554 111.56878996088093 -1.1761155128479004 high
16.17590749129719 111.5687848942796 -1.7281633615493774 high
16.175907489445766 111.56878493756949 -1.5240745544433594 high
16.175920268982633 111.56878366433627 -1.6907612085342407 high
16.175926660908708 111.56878301552987 -1.83047616481781 high
16.17593304992863 111.56878241588149 -1.7385694980621338 high
16.175945830382734 111.56878117037942 -1.7716654539108276 high
16.175958610160063 111.56877993237674 -1.7685794830322266 high
16.1759650022659 111.56877927788072 -1.9336745738983154 high
16.175996955685154 111.56877622692998 -1.709689974784851 high
16.176035309155242 111.56877246609054 -1.8994861841201782 high
16.17603530885749 111.56877247305277 -1.866662621498108 high
16.17603530464204 111.56877257162063 -1.4019635915756226 high
16.176080057707356 111.56876811871034 -1.9154858589172363 high
16.176092845099536 111.56876688181737 -1.8915945291519165 high
16.17610563226724 111.56876566602435 -1.7666237354278564 high
16.17610562716593 111.56876578530687 -1.2042627334594727 high
16.17611202740283 111.56876502782602 -1.8463882207870483 high
16.176150390942755 111.56876143112848 -1.2206082344055176 high
16.176169580217124 111.56875954706808 -1.3053709268569946 high
16.176182368890352 111.56875837119448 -0.9825280904769897 high
16.176201561770434 111.56875644084349 -1.2794709205627441 high
16.17622075325284 111.56875458049306 -1.2423757314682007 high
16.176265538051215 111.56875023184082 -1.1776962280273438 high
16.17627193665557 111.56874959330432 -1.2484846115112305 high
16.17627833401153 111.56874901033977 -1.0563691854476929 high
16.17633593576849 111.56874335395325 -1.2376422882080078 high
16.17639355070406 111.56873772688088 -1.2417349815368652 high
16.176406359912928 111.56873636116347 -1.781138300895691 high
16.176470393951327 111.5687301652582 -1.4637207984924316 high
16.17648960408959 111.56872834058663 -1.1990413665771484 high
16.176515224818107 111.56872582989287 -1.2053332328796387 high
16.176528043371963 111.56872444065476 -1.83607816696167 high
16.176547259929592 111.56872259032616 -1.6787258386611938 high
16.17656007434705 111.56872131089312 -1.787413477897644 high
16.176566477011406 111.56872078284925 -1.314534068107605 high
16.176585699613316 111.56871887852337 -1.402606725692749 high
16.176604920731496 111.56871704039635 -1.1742579936981201 high
16.176656030526782 111.56871208027799 -1.0817968845367432 high
16.17666245440748 111.56871142014853 -1.2019695043563843 high
16.176668876808172 111.56871077539779 -1.2496256828308105 high
16.176668880379065 111.56871069190751 -1.6432552337646484 high
16.176675303468016 111.56871005630643 -1.6468778848648071 high
16.176707414859035 111.5687069694101 -1.2298110723495483 high
16.1767780816335 111.56869993773259 -1.409680962562561 high
16.176784505749684 111.5686993130884 -1.3550167083740234 high
16.176790928904477 111.56869871206753 -1.1886475086212158 high
16.17679092942533 111.56869869989117 -1.246055245399475 high
16.17682305514193 111.56869547601926 -1.4409551620483398 high
16.17686803065414 111.56869099389286 -1.5544673204421997 high
16.17688088097578 111.5686897091819 -1.604015827178955 high
16.176913003071487 111.56868655513094 -1.4523693323135376 high
16.176977242066553 111.5686802876593 -0.944608747959137 high
16.17698367131512 111.56867953175043 -1.5019629001617432 high
16.176990089090875 111.56867901976527 -0.9096248149871826 high
16.17699651655619 111.56867830153585 -1.2891253232955933 high
16.177009361379096 111.568677094791 -0.9648187756538391 high
16.17702221025004 111.56867578408533 -1.1303496360778809 high
16.177060749089087 111.56867197000912 -1.0691202878952026 high
16.17708001831121 111.5686700064131 -1.3051856756210327 high
16.177099289747066 111.56866800385845 -1.7240875959396362 high
16.17722126685778 111.56865599572576 -1.212715983390808 high
16.177221267745484 111.56865597498195 -1.3105181455612183 high
16.17724694154899 111.56865339692548 -1.4432300329208374 high
16.177272606974828 111.56865088321179 -1.2762088775634766 high
16.177272612196653 111.56865076119348 -1.8514976501464844 high
16.177285441847786 111.56864955158684 -1.5461819171905518 high
16.17730469132143 111.5686475754873 -1.852135419845581 high
16.177317516467536 111.56864641043178 -1.3389699459075928 high
16.17732393454159 111.56864568993298 -1.7332483530044556 high
16.17740729175466 111.56863747005123 -1.4787132740020752 high
16.17740729221722 111.5686374592433 -1.5296703577041626 high
16.177413706833175 111.56863672459495 -1.9946216344833374 high
16.17742652618961 111.56863546432261 -1.9399911165237427 high
16.177426525561714 111.56863547899333 -1.8708215951919556 high
16.177445752343512 111.5686335655392 -1.9004368782043457 high
16.177464978891855 111.56863163303773 -2.0221478939056396 high
16.177471384801592 111.56863103496224 -1.8462727069854736 high
16.177484196177694 111.56862980389809 -1.660682201385498 high
16.177497008763325 111.56862853573908 -1.651045560836792 high
16.177497006907526 111.56862857909822 -1.44661545753479 high
16.177516222677536 111.56862669052082 -1.3706505298614502 high
16.17752262823956 111.56862603797282 -1.454665184020996 high
16.177522628114293 111.56862604089964 -1.4408655166625977 high
16.177561049055807 111.56862224655177 -1.383336067199707 high
16.17757384864368 111.56862102249944 -1.1768293380737305 high
16.177586658257876 111.56861959764392 -1.9174740314483643 high
16.177612258036476 111.56861710360685 -1.72709321975708 high
16.177625053574673 111.5686159068585 -1.397629976272583 high
16.177650648213522 111.56861332801836 -1.6181304454803467 high
16.17766344349437 111.5686120126725 -1.8538920879364014 high
16.177669836851702 111.56861147542271 -1.404047966003418 high
16.177695421058978 111.5686088995156 -1.6241028308868408 high
16.177701812797178 111.56860831248927 -1.4122731685638428 high
16.177708207530426 111.5686076689684 -1.46685791015625 high
16.177714602455573 111.56860701226755 -1.584081768989563 high
16.177720993200285 111.56860644453208 -1.282346487045288 high
16.177720994778443 111.56860640766057 -1.4561903476715088 high
16.177720996879184 111.56860635857964 -1.687599778175354 high
16.177727391537605 111.56860569069326 -1.858563780784607 high
16.17774017428789 111.56860448218112 -1.6019904613494873 high
16.177740170485425 111.56860457102064 -1.1831246614456177 high
16.177746564842945 111.56860388399703 -1.4458365440368652 high
16.17775935120183 111.56860253880724 -1.8367341756820679 high
16.17775934771518 111.56860262026859 -1.4526550769805908 high
16.17777852134385 111.56860067506938 -1.700629472732544 high
16.17777852014789 111.56860070301177 -1.5688848495483398 high
16.17778491015759 111.56860006518728 -1.6027177572250366 high
16.17779129800059 111.56859942658974 -1.641547441482544 high
16.177829625866877 111.56859564930066 -1.624540090560913 high
16.17783601213016 111.56859500726931 -1.6828497648239136 high
16.17785517146929 111.56859308288303 -1.8515836000442505 high
16.177874323145517 111.56859126002297 -1.5464245080947876 high
16.177880708135504 111.5685906096046 -1.64756178855896 high
16.177893473961706 111.56858938021759 -1.5145634412765503 high
16.17790624085487 111.56858809190814 -1.6615194082260132 high
16.177906239222047 111.56858813005952 -1.4816397428512573 high
16.177912983598272 111.56858734005696 -1.7733635902404785 high
16.17796384181807 111.56858239849413 -1.6303831338882446 high
16.177976553121944 111.56858116633384 -1.5844414234161377 high
16.17798926331632 111.56857992866996 -1.566481351852417 high
16.178021032241393 111.56857679956266 -1.6959296464920044 high
16.17804009203197 111.56857494251172 -1.6815149784088135 high
16.178040092903046 111.5685749221567 -1.7774875164031982 high
16.178065497286358 111.56857251491627 -1.4406423568725586 high
16.178071852830122 111.56857180096604 -1.886055588722229 high
16.178097255242985 111.56856935675242 -1.730877161026001 high
16.17812265639923 111.56856686890025 -1.7871296405792236 high
16.17814170165733 111.56856509213432 -1.4125375747680664 high
16.17814805529984 111.56856437063473 -1.897667407989502 high
16.17815439963612 111.56856384305695 -1.469128966331482 high
16.178198843582724 111.56855942665403 -1.8849073648452759 high
16.178230580432473 111.56855636882656 -1.7336608171463013 high
16.17823692646933 111.56855579270189 -1.5367366075515747 high
16.178287711191153 111.56855074938439 -2.015465259552002 high
16.178338493091623 111.56854580137146 -2.051854133605957 high
16.178389270467285 111.56854104095336 -1.2071765661239624 high
16.17838927613724 111.56854090837336 -1.832296371459961 high
16.17839562299441 111.56854033038209 -1.6463016271591187 high
16.178459111750264 111.5685341820532 -1.5223791599273682 high
16.17849086726214 111.56853102488095 -1.847962737083435 high
16.17850991952349 111.56852918926496 -1.7654507160186768 high
16.178516270422275 111.56852859329923 -1.6624304056167603 high
16.1785226212117 111.56852800346562 -1.5303916931152344 high
16.178554387289413 111.56852485509228 -1.8066916465759277 high
16.178560739957163 111.56852425605072 -1.7169064283370972 high
16.17856709570271 111.56852359126144 -1.9369080066680908 high
16.178598861214294 111.56852065245572 -1.2178215980529785 high
16.178649713251605 111.56851567468387 -1.3532716035842896 high
16.178656069082738 111.56851510824947 -1.1056874990463257 high
16.178656074084927 111.56851499123064 -1.6574455499649048 high
16.17874512756669 111.56850625563533 -1.9524908065795898 high
16.178751491472873 111.5685056545348 -1.8623466491699219 high
16.17875785227853 111.56850511351055 -1.488946795463562 high
16.17879604498166 111.56850140063388 -1.4404877424240112 high
16.178802417639798 111.56850065227947 -2.041560411453247 high
16.178815150276684 111.56849948338994 -1.6965707540512085 high
16.17884062744775 111.5684969941681 -1.714863896369934 high
16.17884062885748 111.56849696118213 -1.8703985214233398 high
16.178859739030333 111.56849513204477 -1.7011723518371582 high
16.178910719798377 111.56849028789273 -1.0682557821273804 high
16.178936226265584 111.56848778750025 -1.107482671737671 high
16.17894260663099 111.56848710418083 -1.3903921842575073 high
16.178948982905705 111.56848652850147 -1.1651793718338013 high
16.17900640940648 111.56848093319604 -1.0650378465652466 high
16.17901917956148 111.56847962609088 -1.3363803625106812 high
16.179019174734606 111.5684797390497 -0.8037537932395935 high
16.179038332778887 111.56847780622931 -1.0748249292373657 high
16.179063881401607 111.56847530033498 -1.09159255027771 high
16.179083044756275 111.568473464285 -0.8938270211219788 high
16.179083043773062 111.56847348729463 -0.785331130027771 high
16.179089434740607 111.56847281891025 -0.984040379524231 high
16.17908943807182 111.56847274095111 -1.3516367673873901 high
16.17909582893338 111.5684721100318 -1.3725930452346802 high
16.179127784170806 111.56846912626608 -0.6619371175765991 high
16.17913417745865 111.56846851570758 -0.5828996896743774 high
16.179146972861734 111.56846712672585 -1.2143316268920898 high
16.179146970011313 111.56846719343373 -0.8997867703437805 high
16.17917255764419 111.56846464482321 -1.0730642080307007 high
16.17917255730665 111.56846465272261 -1.0358165502548218 high
16.179197761979804 111.568462253554 -0.8715509176254272 high
16.179197759742642 111.56846230591493 -0.6246548891067505 high
16.179242773058952 111.56845782583305 -0.7824904918670654 high
16.179249204696195 111.56845723360077 -0.576541543006897 high
16.1792492022008 111.5684572920017 -0.30116450786590576 high
16.17925563984083 111.56845652657219 -0.9121227860450745 high
16.179300677487575 111.56845220668393 -0.27352774143218994 high
16.17930712012061 111.56845143679863 -0.8999582529067993 high
16.179307119165138 111.56845145915813 -0.7945266962051392 high
16.1793393099539 111.56844828809724 -0.7189171314239502 high
16.179384390234745 111.56844392087314 -0.24842798709869385 high
16.179384389734835 111.56844393257023 -0.19327262043952942 high
16.179397276655727 111.56844261038273 -0.4046112895011902 high
16.179403718581323 111.56844199755837 -0.28187793493270874 high
16.17940371868883 111.56844199504282 -0.2937394976615906 high
16.179416608032522 111.56844066618369 -0.5333276987075806 high
16.179423053852855 111.56843998573648 -0.7279043793678284 high
16.179429494890467 111.56843942467735 -0.3590241074562073 high
16.179448832529413 111.56843742243846 -0.7543410658836365 high
16.179455275673753 111.56843684028658 -0.48296356201171875 high
16.179461729159325 111.56843604518328 -1.214796543121338 high
16.179481065597837 111.56843417019178 -1.0030086040496826 high
16.179487512653754 111.56843352781773 -1.0132977962493896 high
16.179493961177325 111.56843285683676 -1.158037543296814 high
16.179558443586668 111.56842644422395 -1.1822162866592407 high
16.17955844564195 111.56842639614881 -1.40890634059906 high
16.17957134574908 111.56842508868336 -1.5265663862228394 high
16.179584242083664 111.56842386070672 -1.2684519290924072 high
16.179610047751233 111.56842120449232 -1.6911171674728394 high
16.179616499102654 111.56842051992199 -1.8933085203170776 high
16.17964230918774 111.5684177815624 -2.697674036026001 high
16.17965521194404 111.56841647525863 -2.801694869995117 high
16.17966811497777 111.56841516684851 -2.914602279663086 high
16.179771322346674 111.5684050172259 -2.2905097007751465 high
16.179874513537666 111.56839477770616 -2.055060386657715 high
16.179913195951347 111.56839100927947 -1.626985788345337 high
16.17993898159346 111.56838842708981 -1.6719716787338257 high
16.179951875509815 111.56838704052447 -2.1455705165863037 high
16.18000342970615 111.56838190690183 -2.093454360961914 high
16.1800034290431 111.56838192239758 -2.020385980606079 high
16.180029194478184 111.56837944994632 -1.5518765449523926 high
16.180170832194882 111.56836493704002 -3.337914228439331 high
16.18021584864069 111.56836047894122 -3.177222490310669 high
16.180222279418945 111.56835980052742 -3.3513331413269043 high
16.18023513251156 111.5683585829725 -3.0442397594451904 high
16.180280114593167 111.56835411999141 -2.9284205436706543 high
16.180280118230346 111.56835405889022 -3.2160604000091553 high
16.180305809064365 111.56835152699031 -3.071368455886841 high
16.180318646829875 111.56835035364523 -2.5647690296173096 high
16.180363583183475 111.56834582342482 -2.7994678020477295 high
16.18037641731574 111.56834452442119 -2.8921124935150146 high
16.18038283005152 111.56834395622056 -2.5556914806365967 high
16.18039566298638 111.56834256268196 -3.0975048542022705 high
16.180619595005265 111.56832029663109 -2.989884853363037 high
16.180804044760066 111.56830173093306 -4.267366886138916 high
16.180835811796143 111.56829857749801 -4.2994818687438965 high
16.180880273341593 111.56829422613373 -4.0602827072143555 high
16.18093107612335 111.56828920432608 -4.03814172744751 high
16.180943771255798 111.5682880354117 -3.627934455871582 high
16.180950123820693 111.56828732849559 -4.000782012939453 high
16.181000913929378 111.56828226988826 -4.181061744689941 high
16.181007258812954 111.5682816943984 -3.937392473220825 high
16.181051694351098 111.5682772290051 -4.297966480255127 high
16.18107073298708 111.5682754142622 -3.9898412227630615 high
16.181089773265267 111.56827360063266 -3.677891969680786 high
16.181102472693254 111.56827221628548 -4.298347473144531 high
16.18114055251762 111.56826857254572 -3.762327194213867 high
16.181146904966255 111.56826783272238 -4.298737525939941 high
16.18117864004659 111.56826479212708 -3.8785669803619385 high
16.16910522722727 111.56946387975103 -5.909822463989258 median
16.169111613352968 111.56946325679748 -5.837494373321533 median
16.169169076306346 111.56945806180647 -3.2323005199432373 median
16.169207403525338 111.56945427145054 -3.0233876705169678 median
16.170199767651187 111.56935493658597 -1.298382043838501 median
16.170373145505753 111.56933729407513 -2.248946189880371 median
16.170379567227467 111.56933686225614 -1.231896162033081 median
16.17052104417381 111.56932268122534 -0.9665459990501404 median
16.170784602235262 111.56929627560947 -0.7148550748825073 median
16.17092588958691 111.56928220234161 -0.39184874296188354 median
16.17092589799545 111.56928200551481 -1.3196359872817993 median
16.170945147445067 111.56928026759816 -0.43792709708213806 median
16.170945154568876 111.56928010084707 -1.2239460945129395 median
16.170990081686675 111.56927550844725 -1.7158277034759521 median
16.170990069570095 111.56927579205737 -0.3789656460285187 median
16.1710478190912 111.56926972955551 -1.789319396018982 median
16.17117602082202 111.56925701683065 -1.4834281206130981 median
16.171680797458723 111.56920716331028 -0.6275730133056641 median
16.172418605912437 111.5691341495207 -1.0807157754898071 median
16.173193947382146 111.56905555556942 -0.2848491668701172 median
16.173574524846572 111.56901600288465 -1.5467065572738647 median
16.173587430524876 111.56901466719498 -1.5710846185684204 median
16.1742447439636 111.56894755454215 -1.6228686571121216 median
16.174475737441952 111.568924670507 -0.7317314147949219 median
16.17607365630795 111.56876892318498 -1.0498046875 median
16.17608645320242 111.56876745622532 -2.1113595962524414 median
16.176105626086557 111.56876581054559 -1.0852739810943604 median
16.176220760751395 111.56875440515573 -2.069014310836792 median
16.17632952980881 111.5687441005714 -0.6624698638916016 median
16.176636771027987 111.56871377378978 -2.0714495182037354 median
16.17697724859265 111.56868013512302 -1.6637756824493408 median
16.177073600663796 111.56867055271246 -1.7364798784255981 median
16.177099282295895 111.56866817799566 -0.9030749201774597 median
16.177182761233524 111.56865964460957 -2.0456199645996094 median
16.17718276369461 111.56865958709709 -2.316777467727661 median
16.17718275091824 111.56865988566415 -0.909105658531189 median
16.17724051974085 111.56865413355862 -0.9753749370574951 median
16.17740087859463 111.56863816351652 -1.2082499265670776 median
16.177797690113504 111.56859870003659 -2.0952095985412598 median
16.177804071144056 111.5685982458484 -1.264785885810852 median
16.177810467296474 111.56859742964505 -2.14174222946167 median
16.17793204956291 111.56858567277249 -0.8399643898010254 median
16.17800196477652 111.56857886657816 -0.7226309180259705 median
16.17830039871568 111.56854969422632 -1.166633129119873 median
16.178351188801965 111.56854456846813 -2.0423262119293213 median
16.178351179885112 111.56854477695518 -1.0593044757843018 median
16.178376581650962 111.56854208976532 -2.084453582763672 median
16.17839561848313 111.56854043587018 -1.1489211320877075 median
16.178433716398807 111.56853657035433 -1.908119797706604 median
16.178446405489563 111.56853556935673 -0.8046876788139343 median
16.178478167777232 111.56853221076379 -2.081080198287964 median
16.17854803694933 111.56852540580465 -2.124140977859497 median
16.178567096770134 111.56852356629415 -2.054631233215332 median
16.178579805053094 111.56852233098888 -2.049437999725342 median
16.178592502808304 111.56852136842893 -0.7572561502456665 median
16.178605223890617 111.56851988770384 -1.907251238822937 median
16.178611571100785 111.56851946978773 -0.9614776372909546 median
16.178617927091558 111.5685188537156 -0.9497529864311218 median
16.17861793491105 111.56851867080098 -1.8122155666351318 median
16.178630648342462 111.56851742692714 -1.843212366104126 median
16.178719677585917 111.56850873277527 -1.9638171195983887 median
16.17873240191891 111.56850747987541 -2.026747226715088 median
16.178732394352394 111.56850765690128 -1.1920446157455444 median
16.17889160181512 111.56849200769682 -1.7661527395248413 median
16.178929852798948 111.5684883212407 -1.529294729232788 median
16.17892984434661 111.568488519032 -0.5966687202453613 median
16.178936222118068 111.56848788455581 -0.6498458385467529 median
16.178942608589164 111.5684870583576 -1.606458067893982 median
16.178974496374074 111.56848415014566 -0.6151183247566223 median
16.17901918282319 111.5684795497599 -1.6962980031967163 median
16.179159757878764 111.56846603248927 -0.45325928926467896 median
16.17921705378256 111.56846023512604 -1.4075214862823486 median
16.179262067246096 111.56845603481833 -0.23152075707912445 median
16.17929425090691 111.5684526563079 -1.155709981918335 median
16.179307112736506 111.56845160959817 -0.08515775203704834 median
16.1793908385482 111.56844314205047 -0.9094933271408081 median
16.17940372451845 111.56844185864227 -0.936910092830658 median
16.17949395524891 111.56843299552588 -0.5040739178657532 median
16.179526198135463 111.568429669255 -1.0872844457626343 median
16.179571339663244 111.56842523103376 -0.8553371429443359 median
16.179616494111563 111.5684206366553 -1.3428717851638794 median
16.17964231404764 111.56841769179874 -3.120462417602539 median
16.179648764448558 111.56841706086661 -3.067833423614502 median
16.179655206017554 111.56841661385852 -2.1481494903564453 median
16.17968101920951 111.56841383490249 -3.137474298477173 median
16.17968746088135 111.56841341157305 -2.1044492721557617 median
16.179693910346845 111.56841280771117 -1.9224438667297363 median
16.179693922460398 111.56841254833286 -3.145024299621582 median
16.17977776432927 111.56840457679553 -1.335527777671814 median
16.17981647797726 111.56840040762323 -2.8023619651794434 median
16.17986805958819 111.56839554949588 -1.4486833810806274 median
16.179913192883213 111.56839108099547 -1.288818120956421 median
16.17993253446352 111.56838911508235 -1.4601894617080688 median
16.179945425448242 111.5683878318469 -1.4459986686706543 median
16.179977648042794 111.56838463734304 -1.3472272157669067 median
16.17999053711787 111.56838332778399 -1.457677960395813 median
16.179990536573555 111.56838334050522 -1.3976925611495972 median
16.180009865724386 111.56838142531151 -1.332387924194336 median
16.180054958907853 111.56837687109393 -1.5872812271118164 median
16.180080717883694 111.56837425916235 -1.7817102670669556 median
16.18014510213662 111.56836746232634 -3.5390594005584717 median
16.18015795836207 111.56836643598349 -2.3235254287719727 median
16.180177268030523 111.56836421831076 -3.700106143951416 median
16.18019655175593 111.568362528535 -2.589498519897461 median
16.18020299357248 111.56836165004393 -3.7056777477264404 median
16.1802029930199 111.5683616629541 -3.644801139831543 median
16.180363578893818 111.56834592363016 -2.3269567489624023 median
16.18065141608628 111.56831725727461 -2.421393632888794 median
16.169475879241958 111.56942707288161 -4.395925045013428 median
16.16966141767734 111.56940874162768 -2.950545310974121 median
16.169680615561248 111.5694069513709 -2.290146589279175 median
16.180638690149195 111.5683184349303 -2.8272924423217773 median
16.18065778193042 111.56831655188881 -2.769411325454712 median
16.1811659476598 111.56826596459575 -4.252431392669678 median
16.169028565973598 111.56947224211429 -2.5718283653259277 low
16.169092457746604 111.5694651352067 -6.007183074951172 low
16.169405550921336 111.56943384177727 -5.756884574890137 low
16.16946307434933 111.56942865779303 -2.9768285751342773 low
16.169469496976944 111.56942740228261 -5.868911266326904 low
16.170797462434845 111.5692947408689 -1.880558967590332 low
16.171002915996887 111.5692741868153 -1.905301570892334 low
16.171687170020107 111.56920626144658 -1.9312238693237305 low
16.173574513431728 111.569016270076 -0.2871534824371338 low
16.173858384383667 111.56898707910295 -0.3241751194000244 low
16.178465453183517 111.56853376800926 -0.5627133250236511 low
16.178573438569682 111.56852323407688 -0.7062965631484985 low
16.178694219041883 111.56851153424627 -0.4400513470172882 low
16.17886609719886 111.56849478570092 -0.40263307094573975 low
16.179500417702634 111.5684320042158 -2.15883469581604 low
16.17952620844865 111.56842942800336 -2.2248642444610596 low
16.179739053803175 111.56840857043034 -0.6923489570617676 low
16.179739076862663 111.56840805513245 -3.1216812133789062 low
16.179919654740758 111.56839008868883 -2.935004711151123 low
16.17993899248875 111.56838817243046 -2.8727855682373047 low
16.17995186666903 111.56838724715827 -1.1712145805358887 low
16.17995188142938 111.56838690216759 -2.7979750633239746 low
16.17998411289624 111.56838353521367 -3.5113525390625 low
16.180022747758958 111.56838020517884 -1.0222420692443848 low
16.18005497875121 111.5683764312588 -3.6607961654663086 low
16.18008073362213 111.56837391526767 -3.402830123901367 low
16.180106467902664 111.56837173266193 -1.5758291482925415 low
16.16916908706359 111.56945780975781 -4.4203386306762695 low
16.169386365888307 111.56943587575725 -5.236569881439209 low
16.169527050870553 111.56942193510524 -4.39854097366333 low
16.16959742428189 111.56941497207394 -3.8992233276367188 low
16.169597423180452 111.56941499788303 -3.7775702476501465 low
16.169635820142453 111.5694111975555 -3.503281831741333 low
16.17004581949077 111.569370477064 -1.0486531257629395 low
16.17136164997907 111.56923883769397 -0.17810901999473572 low
16.17193509684476 111.56918229634385 0.0729200690984726 low
16.17200503195498 111.56917508100823 -1.4554193019866943 low
16.17211310759568 111.56916447765128 -1.136352300643921 low
16.172183063962702 111.56915751476289 -1.3284173011779785 low
16.172284857858294 111.56914769016633 -0.03432745859026909 low
16.172354892021826 111.56914071558562 -0.07144328206777573 low
16.172820804857537 111.56909364748631 -1.516620397567749 low
16.173858396317833 111.56898679991653 -1.6402705907821655 low
16.175441338439033 111.5688301713338 -0.8474997282028198 low
16.180177269213065 111.56836419068154 -3.8303890228271484 low
16.18084216576619 111.56829790053418 -4.525539398193359 low
16.18098822038788 111.56828345813133 -4.494455337524414 low
16.180994557920286 111.56828308114667 -3.3136889934539795 low
