filename beam SNR SSH acmx acmz krra krrg latmin lonmin latmax lonmax
ATL03_20210617212611_12991107_005_01.h5 1l 6.13 3.992 0.35 0.8 0.001 0.001 16.321000506356256 111.978146168977 16.349911773233174 111.98112513258236
lat lon elevation confidence
16.34931711863683 111.98106388398877 -2.614021062850952 high
16.345473805852784 111.9806663204877 0.7816785573959351 high
16.34546741304632 111.98066558174389 1.043729543685913 high
16.34546101867994 111.98066485552692 1.260011076927185 high
16.345454616727945 111.98066418931514 1.256798267364502 high
16.345429001596315 111.98066158444773 1.0251775979995728 high
16.345422603897415 111.98066088584474 1.1408414840698242 high
16.345384192689714 111.98065689576937 1.0989603996276855 high
16.345332966960903 111.98065169394116 0.6159461140632629 high
16.34530097908486 111.98064821233544 1.1595044136047363 high
16.34302108589078 111.98041367611158 1.5028823614120483 high
16.342969894292324 111.98040861864003 1.1053050756454468 high
16.342918719354675 111.9804034275747 1.1983990669250488 high
16.34289312766415 111.98040087907792 1.0735594034194946 high
16.342886740477876 111.98040015601698 1.3566993474960327 high
16.34284836218438 111.980396256386 1.4497711658477783 high
16.342662841784076 111.98037768548745 0.8502383232116699 high
16.342656451692697 111.98037698003724 1.0654617547988892 high
16.342650053816246 111.98037634345135 1.028898000717163 high
16.34264367082147 111.9803755890569 1.4232041835784912 high
16.342630874466327 111.98037432777728 1.306069254875183 high
16.342624465691145 111.98037377667292 0.956037700176239 high
16.342592486487273 111.98037050974807 1.074326515197754 high
16.34257329955642 111.98036854318808 1.1663657426834106 high
16.34249014554019 111.98036010811082 1.2259445190429688 high
16.34248373913997 111.98035953419341 0.9545642733573914 high
16.342470945502892 111.98035823458652 0.9663636088371277 high
16.342470950193746 111.9803581976281 1.1015955209732056 high
16.3424645592488 111.98035750059069 1.2798956632614136 high
16.342432572845606 111.9803542634621 1.2598334550857544 high
16.342419772036134 111.9803530157327 1.077426552772522 high
16.342413376894196 111.98035234992977 1.1392439603805542 high
16.342400587440036 111.9803510184204 1.2620010375976562 high
16.34235579611331 111.98034654322535 1.0036510229110718 high
16.342349405130804 111.98034584119368 1.1949859857559204 high
16.342343015449803 111.98034512853512 1.4248857498168945 high
16.34233660714654 111.98034456222172 1.118983507156372 high
16.342323810039858 111.98034329002526 1.0176019668579102 high
16.34231741933961 111.98034258386234 1.2224327325820923 high
16.342298222460307 111.98034066582416 1.1018288135528564 high
16.342298220985025 111.98034067744771 1.059298038482666 high
16.34220864480972 111.98033156745656 1.0359153747558594 high
16.34219583210846 111.98033038591929 0.5881572961807251 high
16.342183056939323 111.98032890682636 1.2276806831359863 high
16.342176652509984 111.98032830690887 1.0363343954086304 high
16.34217025279743 111.98032766174985 1.009797215461731 high
16.342157457131822 111.98032633278486 1.0966466665267944 high
16.34215105005787 111.98032574420408 0.8619555830955505 high
16.342151060239452 111.98032566398457 1.155479907989502 high
16.342138259148758 111.98032439011962 1.0391496419906616 high
16.342119064265766 111.98032242629859 1.0559687614440918 high
16.342112668155593 111.98032174843607 1.1456574201583862 high
16.342099869472477 111.98032044161188 1.1449084281921387 high
16.34209347232164 111.98031977047503 1.2088195085525513 high
16.342074273224046 111.98031781432918 1.188666820526123 high
16.342042266162583 111.9803146192149 0.9092279672622681 high
16.342029468351004 111.98031329511771 0.9630281925201416 high
16.34201029476743 111.98031112292726 1.7214678525924683 high
16.341984666841693 111.98030871714349 0.9324606657028198 high
16.34197827341421 111.98030800764597 1.1295636892318726 high
16.341959074367416 111.98030602397013 1.188564658164978 high
16.341952675529082 111.98030535508848 1.235438346862793 high
16.341914262550517 111.98030149550199 0.946111798286438 high
16.341901468534193 111.98030013662263 1.111773133277893 high
16.341888740858145 111.98029890797993 0.9756096601486206 high
16.341850311623052 111.9802948808891 1.206247091293335 high
16.341831098738858 111.98029284732202 1.3894504308700562 high
16.3418310870295 111.98029293957858 1.0518827438354492 high
16.341824682851176 111.98029226755659 1.091188907623291 high
16.341818262986738 111.98029171108766 0.706941545009613 high
16.34181186569751 111.98029096872709 1.0021326541900635 high
16.341805448221624 111.9802903926414 0.6889061331748962 high
16.341792646720606 111.98028897578251 1.029828667640686 high
16.341773422782737 111.98028702631643 0.8954905271530151 high
16.34175421460595 111.9802849421362 1.2504937648773193 high
16.341747789075225 111.9802844264937 0.7128573656082153 high
16.341722171979015 111.98028169082426 1.0217573642730713 high
16.341696537505097 111.9802790889385 0.8358871340751648 high
16.341683734831967 111.98027769497628 1.0824874639511108 high
16.341638880283966 111.98027308783071 0.9380398988723755 high
16.34163888141043 111.98027307895556 0.970514178276062 high
16.34163887474356 111.98027313148212 0.7783188223838806 high
16.341613252806837 111.9802704242231 0.9624710083007812 high
16.341613239947183 111.9802705255407 0.5917485356330872 high
16.341594029027075 111.98026845884195 0.860071063041687 high
16.341568401994607 111.98026578397368 0.918054461479187 high
16.341561997146282 111.98026510930436 0.9541505575180054 high
16.341555588151163 111.9802644603176 0.8957035541534424 high
16.341536356136455 111.98026255355266 0.5719236135482788 high
16.341517141395247 111.9802605118087 0.7400751113891602 high
16.341504328235036 111.98025917768476 0.7522084712982178 high
16.341478698715754 111.98025653695171 0.6734707355499268 high
16.341465891384807 111.98025518226841 0.7596609592437744 high
16.34144667375835 111.98025317014522 0.8132190704345703 high
16.341446664807034 111.98025324066906 0.555171012878418 high
16.341440262222083 111.98025254460667 0.6654746532440186 high
16.341427448204957 111.98025122311245 0.6271860599517822 high
16.341427447665215 111.98025122736485 0.611626386642456 high
16.341401816763394 111.98024861100788 0.4358956515789032 high
16.34131214666636 111.98023921319343 0.6871591210365295 high
16.3413121405068 111.98023926172155 0.5095935463905334 high
16.341299340498256 111.98023783956815 0.8350273370742798 high
16.341273717050704 111.98023520949216 0.7024606466293335 high
16.341267307381152 111.98023458154246 0.5609241127967834 high
16.341241698576084 111.98023186346401 0.7503467798233032 high
16.34123529692442 111.98023117550885 0.8282420039176941 high
16.341216084630787 111.98022916586915 0.8630927205085754 high
16.341203274926503 111.98022785364458 0.786153256893158 high
16.34119685615336 111.98022730471803 0.35532981157302856 high
16.341190453009496 111.98022663338192 0.37242022156715393 high
16.34112642696284 111.98021991954668 0.546790599822998 high
16.341100805709022 111.98021734969281 0.19511839747428894 high
16.34106880386707 111.98021395258185 0.43305590748786926 high
16.34106879192687 111.98021404665148 0.08885221928358078 high
16.3410623993754 111.98021330833318 0.3522273898124695 high
16.340998397072504 111.98020659644823 0.536842942237854 high
16.34094078493974 111.98020071402064 0.13602212071418762 high
16.340857597830304 111.98019211822135 -0.0545172244310379 high
16.34083202942088 111.98018930050979 0.527172863483429 high
16.340800045755035 111.98018599297738 0.47491568326950073 high
16.34079364270011 111.98018538171117 0.28126782178878784 high
16.340787241373835 111.98018475799476 0.13344381749629974 high
16.340787259760507 111.98018461313772 0.6634814739227295 high
16.340748875037537 111.98018072013025 0.33416855335235596 high
16.3407232908393 111.98017809164791 0.24108551442623138 high
16.34070410672499 111.98017611442306 0.19654493033885956 high
16.340678512432035 111.98017360681813 -0.32981711626052856 high
16.340672138967157 111.9801727851377 0.2521049976348877 high
16.340665744465642 111.98017213040937 0.22347129881381989 high
16.34065932475836 111.98017167486961 -0.5336993932723999 high
16.340640165635577 111.9801695295705 0.04611896723508835 high
16.340621007499912 111.9801673950967 0.5897773504257202 high
16.34059534505996 111.98016488122646 0.06076890975236893 high
16.340525106455285 111.98015762461257 0.047856129705905914 high
16.340505951701992 111.98015565042728 0.033914558589458466 high
16.340493191559254 111.98015426848563 0.2676229774951935 high
16.340467655677067 111.98015164736697 0.21768099069595337 high
16.340429354954306 111.98014771108087 0.17100387811660767 high
16.340422973369165 111.98014704372015 0.2060208022594452 high
16.340410217882024 111.98014565128055 0.4884592294692993 high
16.340403833471182 111.98014500897256 0.43302053213119507 high
16.34033361675214 111.9801379304431 -0.10061664134263992 high
16.340333614476165 111.98013794837487 -0.1662297248840332 high
16.34032086509358 111.98013653145587 0.21728220582008362 high
16.34031448383869 111.98013587582905 0.21634581685066223 high
16.340308097900657 111.98013525782913 0.0781482383608818 high
16.340288958488426 111.9801332624644 0.18329139053821564 high
16.340250670841026 111.98012936803484 0.052963897585868835 high
16.340250651832072 111.98012951780314 -0.495044469833374 high
16.340237909050973 111.9801280587235 0.05327640473842621 high
16.3402379111156 111.98012804245664 0.11279746890068054 high
16.340225149170568 111.98012675183162 0.04713575541973114 high
16.340218761014242 111.98012616015043 -0.18147996068000793 high
16.340206010775503 111.98012477293848 0.10844822227954865 high
16.340154958566462 111.98011966982897 -0.3448691964149475 high
16.340154972745864 111.98011955810985 0.06391538679599762 high
16.340135827975217 111.9801176367751 -0.07182275503873825 high
16.340123066793282 111.98011635459608 -0.15490269660949707 high
16.340110314600164 111.98011499473952 0.047531381249427795 high
16.340065642964063 111.98011055314461 -0.3938901424407959 high
16.340046506991232 111.98010858199694 -0.32946091890335083 high
16.340027385202145 111.98010650820615 0.11461105942726135 high
16.340027376169456 111.98010657937635 -0.14580315351486206 high
16.34001461717105 111.98010527264061 -0.12561774253845215 high
16.340014627782356 111.9801051890321 0.18030868470668793 high
16.339995489093265 111.98010325014269 0.13691066205501556 high
16.339989109508434 111.98010260163316 0.13123658299446106 high
16.339918931501987 111.98009550334258 -0.03326495736837387 high
16.339899803461797 111.98009347985821 0.2508136034011841 high
16.33986789041009 111.9800903518389 -0.16305431723594666 high
16.33985514706719 111.98008892697203 0.3094902038574219 high
16.33985514882092 111.98008891315365 0.36005210876464844 high
16.3398487624272 111.98008831640048 0.173612579703331 high
16.339848762038923 111.98008831945988 0.16241811215877533 high
16.33979133229321 111.98008256015808 -0.077264204621315 high
16.339784967401535 111.98008179111152 0.3703904151916504 high
16.339772199081906 111.98008056318527 0.13221248984336853 high
16.339708399310297 111.98007404620789 0.3417789041996002 high
16.339708392520294 111.98007409971096 0.14601024985313416 high
16.339689231738717 111.98007229549259 -0.3368111848831177 high
16.339670102891347 111.98007024252784 0.09380734711885452 high
16.339657337851307 111.9800689643701 0.05115538090467453 high
16.339580753223935 111.98006119938945 0.17214643955230713 high
16.339555207591506 111.98005872713593 -0.20299182832241058 high
16.33953605821722 111.9800568104451 -0.2517548203468323 high
16.339529680518513 111.98005611969315 -0.0780949741601944 high
16.33950414382774 111.98005355297497 -0.09912160784006119 high
16.339395597664133 111.98004262199362 -0.06440352648496628 high
16.339331812314395 111.98003625054427 -0.32441067695617676 high
16.339293456375547 111.98003237961602 -0.20379924774169922 high
16.339255083779868 111.98002858100801 -0.3439915180206299 high
16.339255085261637 111.98002856933124 -0.30126631259918213 high
16.339229509355615 111.98002597904544 -0.1804121434688568 high
16.33922311689833 111.9800253075916 -0.0630209892988205 high
16.33920392810664 111.98002339985389 -0.0995023176074028 high
16.339171937171507 111.98002028585103 -0.3985139727592468 high
16.339152752471154 111.98001832423257 -0.23650959134101868 high
16.339146350541807 111.98001772396111 -0.37857329845428467 high
16.339139951176573 111.98001710259778 -0.4434404969215393 high
16.339114369949087 111.98001448047661 -0.20272323489189148 high
16.339114371463722 111.98001446854082 -0.15905050933361053 high
16.339095172502898 111.98001261852083 -0.40400803089141846 high
16.33908878229224 111.98001191814164 -0.17976047098636627 high
16.339075983027964 111.98001066338163 -0.26554131507873535 high
16.339043991022887 111.98000746373745 -0.2510692775249481 high
16.339018389874063 111.98000494868239 -0.4039416015148163 high
16.33899279855794 111.98000234451627 -0.23194965720176697 high
16.33895437764637 111.97999869136764 -0.9026885628700256 high
16.33894159078337 111.97999729940997 -0.4901443123817444 high
16.338903183148382 111.97999350855288 -0.6632727980613708 high
16.338871187314517 111.9799902653149 -0.5032055377960205 high
16.338845586846645 111.97998766328705 -0.3525084853172302 high
16.338839187812976 111.97998700481011 -0.2860797941684723 high
16.338839186091775 111.97998701837378 -0.3357085585594177 high
16.33883277467053 111.97998646455387 -0.6520758271217346 high
16.338832771843965 111.97998648682822 -0.7335764169692993 high
16.338819979444967 111.97998512236512 -0.42795711755752563 high
16.338787979015645 111.97998185477574 -0.1932252049446106 high
16.338775166226018 111.97998064349153 -0.4513794779777527 high
16.338749562821032 111.97997804016809 -0.3094221353530884 high
16.338704752604414 111.97997350734246 -0.1554626077413559 high
16.338653528704526 111.97996840342329 -0.27727028727531433 high
16.338627923975434 111.97996577789765 -0.07727357745170593 high
16.338576692910724 111.97996068805661 -0.28394225239753723 high
16.33857668899096 111.97996071894562 -0.39696285128593445 high
16.33842299826318 111.97994532331816 -0.7097898721694946 high
16.338250095738115 111.97992789135868 -0.9720596075057983 high
16.33821808267671 111.97992460351323 -0.8436102867126465 high
16.33812202751841 111.97991486655555 -1.0031211376190186 high
16.33810280730797 111.979912981239 -1.2776814699172974 high
16.338064384033792 111.97990909162833 -1.406108021736145 high
16.338057973354722 111.97990849693257 -1.625535011291504 high
16.338045068469555 111.97990716694844 -1.477557897567749 high
16.338045088526236 111.97990701708667 -0.9288572072982788 high
16.338025895020817 111.97990510892298 -1.1546807289123535 high
16.338019487342706 111.9799045455694 -1.497353434562683 high
16.337987507129856 111.97990126998731 -1.5406312942504883 high
16.337878771734648 111.97989014081102 -1.823100209236145 high
16.337865983425043 111.97988878708209 -1.704969882965088 high
16.337853189534478 111.97988749144862 -1.8009153604507446 high
16.337834007694923 111.97988546343589 -1.6401270627975464 high
16.337821216753444 111.97988413381515 -1.6176059246063232 high
16.337795637599285 111.97988147157695 -1.5670764446258545 high
16.33773168213476 111.9798747888015 -1.381695032119751 high
16.33767411372514 111.97986879888649 -1.3495590686798096 high
16.33766772034354 111.97986811360094 -1.2759523391723633 high
16.337565361873 111.97985745957104 -1.3062670230865479 high
16.337526969048344 111.97985348429154 -1.421737551689148 high
16.337469368931416 111.97984753999059 -1.693513035774231 high
16.33745658119267 111.97984611261222 -1.3692072629928589 high
16.337398968739432 111.97984018366583 -1.7380210161209106 high
16.33739257928466 111.97983942534144 -1.4167497158050537 high
16.33732215464959 111.97983214125125 -1.775678277015686 high
16.337309350782093 111.97983080354271 -1.7965399026870728 high
16.337296556716755 111.97982937675366 -1.4931758642196655 high
16.337277348107627 111.97982736655827 -1.5162084102630615 high
16.337251723480126 111.97982477477719 -1.8751028776168823 high
16.33712363711764 111.97981128089802 -1.7792260646820068 high
16.337117230325337 111.9798106126266 -1.8006341457366943 high
16.33697627285759 111.97979568843101 -1.507667899131775 high
16.336963423782606 111.97979457726402 -2.3835089206695557 high
16.336963437177214 111.97979447171598 -1.997314691543579 high
16.336944234343523 111.9797922615573 -1.3226101398468018 high
16.336924982763712 111.97979039479185 -1.9068623781204224 high
16.336924997762104 111.97979027660676 -1.4744294881820679 high
16.336905758167866 111.9797883205157 -1.732023000717163 high
16.336892948550773 111.97978687356661 -1.3816295862197876 high
16.336848069142544 111.9797821344854 -1.347642183303833 high
16.336848061126297 111.97978219765156 -1.5787642002105713 high
16.33683522397244 111.97978094799113 -1.9514350891113281 high
16.336822407300136 111.97977954029712 -1.7456742525100708 high
16.33680958995045 111.97977812607994 -1.5165544748306274 high
16.33679674498004 111.97977691768865 -2.04101824760437 high
16.336783936561183 111.97977543240397 -1.5516785383224487 high
16.336777498646065 111.97977494999948 -2.2594094276428223 high
16.33675837759471 111.9797729438216 -2.274691581726074 high
16.336751976130767 111.97977209881694 -1.660317301750183 high
16.33673270396238 111.97977010724331 -1.804802656173706 high
16.33669417572212 111.97976594159844 -1.4267021417617798 high
16.336597794835036 111.97975590484509 -1.8502941131591797 high
16.3365720973052 111.97975316465632 -1.7264119386672974 high
16.336488563539767 111.97974441574068 -1.8764419555664062 high
16.336475707868292 111.97974308969458 -1.9701833724975586 high
16.336469286685524 111.97974237808259 -1.8387577533721924 high
16.33641145000576 111.97973634851061 -2.016850709915161 high
16.33624441674312 111.97971870897928 -1.5933728218078613 high
16.33624440923359 111.97971876814357 -1.8098549842834473 high
16.336218719185116 111.97971604196876 -1.6788756847381592 high
16.336205873891284 111.97971468279096 -1.6256145238876343 high
16.336173744189118 111.97971143234402 -2.0253472328186035 high
16.336160888337012 111.97971017100849 -2.324575662612915 high
16.33616090752785 111.97971001981563 -1.7713605165481567 high
16.3361287844176 111.9797067561827 -2.1086864471435547 high
16.336122383968593 111.97970591677704 -1.4918286800384521 high
16.336115956278398 111.97970529325406 -1.664460301399231 high
16.336077426346232 111.9797013175174 -1.8316401243209839 high
16.336058152093454 111.97969941008678 -2.2041170597076416 high
16.336045301871554 111.97969815143237 -2.4976131916046143 high
16.336038903866392 111.97969731080624 -1.870529294013977 high
16.335968290886964 111.97969002623256 -2.1214377880096436 high
16.33596188651106 111.97968925524617 -1.7434806823730469 high
16.335942637681544 111.97968723401569 -1.6741137504577637 high
16.335891303526548 111.97968195473884 -1.8722453117370605 high
16.33582716271564 111.97967533913685 -2.0127415657043457 high
16.335814340247094 111.97967399070026 -1.9422245025634766 high
16.335737418173775 111.97966598404354 -1.781890869140625 high
16.335730995883456 111.97966542577761 -2.1637885570526123 high
16.335705377471257 111.97966265762528 -1.728153109550476 high
16.335686143276536 111.97966076573059 -2.069888114929199 high
16.335686156260543 111.97966066344628 -1.6956276893615723 high
16.335660513845852 111.97965816306584 -2.224104166030884 high
16.335660535346594 111.97965799368949 -1.6043524742126465 high
16.335641320538468 111.97965600488493 -1.579906702041626 high
16.335615692944902 111.97965343750373 -1.8489776849746704 high
16.335609292562594 111.97965274966359 -1.7466421127319336 high
16.335596499212674 111.9796513237529 -1.356520652770996 high
16.335596481846743 111.97965146055584 -1.8570854663848877 high
16.335583697022134 111.9796499769826 -1.2538442611694336 high
16.335558068095807 111.97964751306073 -1.8819339275360107 high
16.335551681836353 111.9796467283471 -1.4206814765930176 high
16.335506883011583 111.97964211221989 -1.382756233215332 high
16.335487557693202 111.97964016077506 -1.616041898727417 high
16.335487569368773 111.97964006879971 -1.2795019149780273 high
16.335481181791113 111.97963939996745 -1.2255797386169434 high
16.33547479167666 111.97963874598693 -1.2258327007293701 high
16.335468392592755 111.97963816511829 -1.4930827617645264 high
16.335449226763256 111.97963620477192 -1.4943110942840576 high
16.33544923038488 111.97963617624211 -1.3899199962615967 high
16.335430058881574 111.97963427403506 -1.5997052192687988 high
16.335385359666365 111.97962963097918 -1.324217677116394 high
16.335359817071453 111.97962702928076 -1.3447154760360718 high
16.33527045559044 111.97961789690362 -1.2641069889068604 high
16.33525769846563 111.97961656298722 -1.1384341716766357 high
16.335232166834793 111.97961405442794 -1.4652774333953857 high
16.33522579060055 111.9796133757315 -1.3575713634490967 high
16.335219409329163 111.97961273854635 -1.4013890027999878 high
16.33521304246266 111.97961199787636 -1.065820336341858 high
16.335187513482676 111.97960949659505 -1.410132646560669 high
16.33515563382624 111.97960617752727 -1.1278561353683472 high
16.335110974045275 111.97960181011082 -1.741862416267395 high
16.335110986686644 111.97960171052097 -1.377462387084961 high
16.334983516706604 111.97958861575651 -0.8036277294158936 high
16.33497713457459 111.97958803990852 -1.0613646507263184 high
16.334958027084404 111.97958601188381 -0.7340326905250549 high
16.334945267385503 111.97958482486617 -1.1190600395202637 high
16.3349261392858 111.97958298076257 -1.4618794918060303 high
16.33490703748399 111.97958093008305 -1.047867774963379 high
16.334900662342562 111.97958030932757 -1.1394239664077759 high
16.334894284421004 111.97957971183682 -1.3159608840942383 high
16.334881543260877 111.97957840278312 -1.2513225078582764 high
16.33485606435637 111.97957577510421 -1.0852940082550049 high
16.334849684608322 111.97957518845381 -1.3011257648468018 high
16.33482419481285 111.97957265005745 -1.460374355316162 high
16.33474775831743 111.97956483886773 -1.2146766185760498 high
16.334709529004392 111.9795610222621 -1.4169524908065796 high
16.33470316400318 111.97956033504602 -1.2636655569076538 high
16.33463308667412 111.97955327287876 -1.3989522457122803 high
16.33462035339881 111.9795519223825 -1.1811877489089966 high
16.334556641736214 111.97954552446012 -1.394592523574829 high
16.33455028451708 111.9795447869151 -1.0582225322723389 high
16.334550281086788 111.97954480575712 -1.127536416053772 high
16.33452480865062 111.97954213846758 -0.8210403919219971 high
16.334518428768828 111.97954156118057 -1.0724629163742065 high
16.33451204797897 111.97954098229087 -1.3185431957244873 high
16.334499306941286 111.97953967722808 -1.2715216875076294 high
16.33448657416298 111.97953831274029 -1.0073447227478027 high
16.33445469477234 111.97953524215235 -1.5972660779953003 high
16.33438460089508 111.97952809541874 -1.4801994562149048 high
16.334352739329525 111.97952483742436 -1.4002091884613037 high
16.334327232751164 111.97952232190228 -1.6744202375411987 high
16.334295351637703 111.97951915282002 -1.9319745302200317 high
16.33428896863128 111.97951856731449 -2.1611478328704834 high
16.33425070803028 111.9795147324697 -2.364727020263672 high
16.33425070303736 111.97951477181391 -2.50868558883667 high
16.334231583540067 111.97951275887912 -2.264662265777588 high
16.33421247109657 111.97951091983734 -2.5954387187957764 high
16.33420610698364 111.97951015140357 -2.1633691787719727 high
16.334180577275028 111.97950764776671 -2.5239460468292236 high
16.334155059334012 111.979505034309 -2.4876487255096436 high
16.334142312711588 111.97950361368069 -2.055100202560425 high
16.33412954339589 111.9795023731792 -2.2826309204101562 high
16.334129549502226 111.97950232505997 -2.106564998626709 high
16.33412315678968 111.97950176210314 -2.430657148361206 high
16.334123161067772 111.97950172839079 -2.307305335998535 high
16.33410399999783 111.97949988777971 -2.7267963886260986 high
16.33405293482083 111.97949469054308 -2.8023414611816406 high
16.33404655867375 111.97949397721305 -2.5804436206817627 high
16.33402740040198 111.9794920620137 -2.7394073009490967 high
16.33402101695318 111.97949139934207 -2.7043092250823975 high
16.33394438959437 111.9794835365105 -2.637148380279541 high
16.333931618337186 111.97948219740853 -2.52655291557312 high
16.333912449402078 111.97948026997697 -2.660645008087158 high
16.333899667285888 111.97947899807828 -2.799682378768921 high
16.333867729519465 111.97947565530369 -2.55698299407959 high
16.333854946253226 111.97947436635339 -2.638894557952881 high
16.333842163680178 111.97947305680376 -2.6473000049591064 high
16.33379103496331 111.97946776780182 -2.5083651542663574 high
16.333739899742266 111.97946240823555 -2.1353118419647217 high
16.333656736896675 111.97945397572377 -2.592662811279297 high
16.333650347634826 111.97945325030344 -2.3496029376983643 high
16.33361194330954 111.97944940622025 -2.7589120864868164 high
16.33361193810129 111.97944944726432 -2.9090898036956787 high
16.333586332799477 111.97944686057693 -3.1017098426818848 high
16.333554311909396 111.9794436967066 -3.6047415733337402 high
16.333515889418134 111.97943984013921 -3.9995832443237305 high
16.33348388461595 111.97943644589833 -3.6787407398223877 high
16.33343904504366 111.9794318746859 -3.9048702716827393 high
16.333432656641314 111.97943107847735 -3.414597511291504 high
16.333419819400223 111.97942996452616 -4.185335159301758 high
16.33340061676011 111.97942784165731 -3.6910970211029053 high
16.33340061248689 111.97942787533246 -3.81431245803833 high
16.333394214079778 111.9794271471927 -3.5750045776367188 high
16.33335576431273 111.97942321646042 -3.7482690811157227 high
16.333342945750307 111.97942190528727 -3.805161952972412 high
16.333342946897943 111.97942189624334 -3.77207088470459 high
16.333330138857992 111.9794204952747 -3.5015885829925537 high
16.33327245363341 111.97941451689853 -3.4902541637420654 high
16.333266036251185 111.97941389602873 -3.6496682167053223 high
16.333246811762162 111.97941183788974 -3.4125568866729736 high
16.333233982454683 111.97941055502997 -3.5825374126434326 high
16.333221145529624 111.97940932590089 -3.9501452445983887 high
16.333189122001347 111.97940568398606 -2.791262149810791 high
16.333189102751795 111.9794058356785 -3.346297025680542 high
16.333099304755805 111.97939649105884 -3.25207781791687 high
16.33304799129856 111.97939105079517 -2.8480324745178223 high
16.33304157397764 111.97939037928566 -2.830049514770508 high
16.333022311359237 111.97938847184665 -3.1675333976745605 high
16.33301589555692 111.97938779110348 -3.1160919666290283 high
16.33295172402144 111.9793810266533 -2.7675299644470215 high
16.332951721216602 111.97938104875533 -2.848400354385376 high
16.33292612425612 111.97937840271919 -2.834080457687378 high
16.332919696093718 111.97937775827162 -2.924288749694824 high
16.332913256738415 111.97937719337123 -3.3060426712036133 high
16.332906833935812 111.97937650421022 -3.2329070568084717 high
16.332842572308532 111.97936985621946 -3.397036552429199 high
16.332823264534866 111.97936807050583 -4.211668968200684 high
16.33281042492986 111.97936662265283 -3.81329345703125 high
16.332803989940853 111.97936601747243 -4.048659801483154 high
16.332791121295923 111.97936480253394 -4.5023884773254395 high
16.3327782918694 111.97936326878978 -3.7901010513305664 high
16.332771845954017 111.9793627470388 -4.330878257751465 high
16.332765389515004 111.97936230010139 -5.145776271820068 high
16.332733254608765 111.97935894462472 -5.117216110229492 high
16.33268826115976 111.9793542591447 -5.121711254119873 high
16.33265614598773 111.97935073402846 -4.470746040344238 high
16.332617546816596 111.97934698944337 -5.463667392730713 high
16.33261111110577 111.97934637465896 -5.663422107696533 high
16.332591826318126 111.9793443796551 -5.709737777709961 high
16.332585425099406 111.9793435101171 -4.976193904876709 high
16.3325789978513 111.97934283770105 -4.964169502258301 high
16.332546852137042 111.97933955432396 -5.190131664276123 high
16.332546869026466 111.97933942125096 -4.703221321105957 high
16.33254043835035 111.97933877709241 -4.79382848739624 high
16.332533991654795 111.97933826770523 -5.377026557922363 high
16.332514717699155 111.97933619802738 -5.145401477813721 high
16.33250829648794 111.97933548192279 -4.971963882446289 high
16.332501866164375 111.97933483809895 -5.062832832336426 high
16.332476156359323 111.97933217756008 -5.1126508712768555 high
16.33246973350531 111.97933147763125 -4.997335433959961 high
16.332437611625327 111.97932807049916 -4.755207061767578 high
16.332379778791548 111.97932204925876 -4.716001033782959 high
16.332360520555117 111.9793199044509 -4.1947126388549805 high
16.332334825845006 111.97931719331949 -4.039772033691406 high
16.332334807128436 111.97931734077957 -4.579326152801514 high
16.33230272457315 111.97931370054651 -3.459562063217163 high
16.332296294561456 111.97931308063335 -3.6304850578308105 high
16.332289867238877 111.97931244067453 -3.7277679443359375 high
16.332283443014266 111.97931177746659 -3.7396860122680664 high
16.332283434108877 111.97931184762756 -3.996403932571411 high
16.332251342931098 111.97930831364694 -3.2539830207824707 high
16.33210366085987 111.97929300966749 -3.2145702838897705 high
16.33208441997175 111.97929090378848 -2.7935731410980225 high
16.33207799557152 111.97929028739696 -2.9656789302825928 high
16.332058729271406 111.97928838617082 -3.2895400524139404 high
16.332033068518648 111.97928567484152 -3.0696139335632324 high
16.332026643807104 111.97928507442168 -3.2969613075256348 high
16.332020226230636 111.97928441953097 -3.3245906829833984 high
16.332007396386945 111.97928308844408 -3.299933671951294 high
16.331988154760253 111.97928106455625 -3.16084361076355 high
16.33196890206903 111.97927913695813 -3.3706185817718506 high
16.331962482711592 111.97927850456709 -3.4771616458892822 high
16.331943223082796 111.97927666120943 -3.989683151245117 high
16.33191757764622 111.97927395089819 -3.7435553073883057 high
16.331911167162033 111.97927327113165 -3.6729207038879395 high
16.331840644330285 111.97926598696426 -3.573380708694458 high
16.331808590975264 111.9792627303646 -3.709279775619507 high
16.331802183782823 111.97926205767473 -3.6568918228149414 high
16.331680456635667 111.97924960384309 -3.7702736854553223 high
16.331680458852755 111.97924958637749 -3.706367015838623 high
16.331661245358138 111.97924763071889 -3.7484166622161865 high
16.331463014861587 111.97922713698726 -2.737638473510742 high
16.331456623928165 111.97922652029169 -2.8540115356445312 high
16.331437449946435 111.97922468793202 -3.265763282775879 high
16.33143106331058 111.97922404291661 -3.2770397663116455 high
16.331379997810764 111.97921871119695 -2.726771831512451 high
16.331360848093876 111.97921675518297 -2.6725664138793945 high
16.331341686095055 111.9792148827207 -2.922283411026001 high
16.331328919863978 111.97921357296035 -2.8623785972595215 high
16.331316167867172 111.97921215483426 -2.4047787189483643 high
16.331303390600894 111.97921093935614 -2.687509298324585 high
16.331296996362287 111.9792103770575 -2.9947173595428467 high
16.33127148503493 111.97920762578883 -2.3834333419799805 high
16.331252341973034 111.97920563257851 -2.179824113845825 high
16.331245954390987 111.97920502373061 -2.314612865447998 high
16.3312395777379 111.97920432941109 -2.1364190578460693 high
16.331239576741755 111.97920433725878 -2.1651337146759033 high
16.33120765719071 111.97920116766285 -2.3753254413604736 high
16.33116936843628 111.9791972548039 -2.2207324504852295 high
16.331099179507525 111.9791900751656 -1.8967136144638062 high
16.331086413384995 111.97918880308978 -1.957808256149292 high
16.33108642129094 111.97918874080479 -1.7299094200134277 high
16.331048122267486 111.97918493730991 -1.9562528133392334 high
16.331041746132396 111.97918423886881 -1.7578716278076172 high
16.330997070622193 111.97917974090478 -1.7946999073028564 high
16.330990687132097 111.97917910632407 -1.8288801908493042 high
16.330971542157094 111.97917715734845 -1.7654802799224854 high
16.330946011253616 111.97917458702469 -1.7836778163909912 high
16.33093964314992 111.97917382814923 -1.362585186958313 high
16.330920495481713 111.97917190473785 -1.3908064365386963 high
16.330901347615075 111.9791699710118 -1.3813329935073853 high
16.330894964334703 111.9791693203233 -1.3562347888946533 high
16.33085665663131 111.97916551873752 -1.578253149986267 high
16.330850264428108 111.97916494116282 -1.8203128576278687 high
16.330818358462402 111.97916160780139 -1.4008854627609253 high
16.330799209145333 111.97915964290671 -1.2781126499176025 high
16.33078643477368 111.9791584003584 -1.4426778554916382 high
16.33074813139379 111.97915447130936 -1.2018846273422241 high
16.330697044672 111.97914931074219 -1.1704936027526855 high
16.330671500222934 111.97914671237689 -1.0909724235534668 high
16.330658728736392 111.97914539599026 -0.9891400933265686 high
16.330658719188936 111.979145463027 -1.2347948551177979 high
16.330645937813937 111.97914422713177 -1.4276211261749268 high
16.330626779168174 111.97914224655172 -1.2546534538269043 high
16.3305884491722 111.979138349528 -1.1472761631011963 high
16.330582043012313 111.97913783567881 -1.6262726783752441 high
16.33056929084353 111.97913633802206 -0.8648398518562317 high
16.33056287741439 111.97913587661517 -1.5362367630004883 high
16.33054372506953 111.9791337926356 -0.9910579919815063 high
16.33053733122998 111.97913317166433 -1.07930588722229 high
16.330530941216708 111.97913251906901 -1.0520273447036743 high
16.330498992054814 111.97912924927962 -0.8925096988677979 high
16.330479820561358 111.9791272711451 -0.7403218746185303 high
16.33046063610039 111.97912538117664 -0.9126068353652954 high
16.330447844645107 111.97912412761502 -1.05202317237854 high
16.33039669723718 111.97911890410717 -0.8530851602554321 high
16.330390305853314 111.97911823536708 -0.7711085081100464 high
16.330383904212912 111.97911763819107 -0.9515749216079712 high
16.33037127926985 111.97911633075404 -0.7263839244842529 high
16.330364865626994 111.97911573960866 -0.9408110976219177 high
16.33034565377911 111.97911372686372 -0.7100296020507812 high
16.3303392471269 111.97911307390005 -0.6993000507354736 high
16.330300787315526 111.97910927881651 -1.08925199508667 high
16.33029438459874 111.9791085912497 -0.9533494114875793 high
16.330243109656458 111.97910341016465 -1.0461984872817993 high
16.33023669726467 111.97910277794244 -1.1154191493988037 high
16.330223880378583 111.9791014471234 -1.0117474794387817 high
16.330204661052825 111.9790994011065 -0.6755682229995728 high
16.33014053709688 111.97909294244252 -0.8943097591400146 high
16.330127713742904 111.97909162551758 -0.8487455248832703 high
16.330127708104907 111.97909166993875 -1.0112786293029785 high
16.33011488838041 111.9790903201152 -0.8462808132171631 high
16.3301084604373 111.97908977790972 -1.2500635385513306 high
16.330037925762706 111.979082511341 -0.9361964464187622 high
16.330005855878515 111.97907922853292 -0.8769353032112122 high
16.329980201333385 111.97907657940816 -0.7496536374092102 high
16.329980198784376 111.9790765994911 -0.823135256767273 high
16.329973784781593 111.97907594615167 -0.8242018818855286 high
16.32997378435167 111.9790759495389 -0.8365954160690308 high
16.329941712723024 111.97907264902638 -0.7230802178382874 high
16.32994172150075 111.97907257986944 -0.47004157304763794 high
16.329903211507403 111.97906879297244 -0.9760856628417969 high
16.329896815348338 111.97906798576344 -0.4169280230998993 high
16.329883981125725 111.9790667005171 -0.5035970211029053 high
16.329877570607227 111.97906600550516 -0.3555317223072052 high
16.329858317620285 111.9790640877895 -0.5246706008911133 high
16.32982624117466 111.9790608090215 -0.5074238181114197 high
16.329781327112148 111.97905625767223 -0.6337301731109619 high
16.329781319035853 111.97905632130104 -0.866541862487793 high
16.329742829938255 111.97905234698422 -0.713995635509491 high
16.32974282319263 111.97905240012908 -0.9084475040435791 high
16.329736418055347 111.97905166172188 -0.6054365038871765 high
16.3297299933583 111.97905107761244 -0.8671441674232483 high
16.32971717216879 111.9790496878634 -0.5804716944694519 high
16.32971074081561 111.97904916454135 -1.064703345298767 high
16.329704342689077 111.97904837209896 -0.5647603273391724 high
16.32969150210093 111.97904712979992 -0.8191719651222229 high
16.329678675680768 111.97904578488205 -0.6983477473258972 high
16.329646606028835 111.9790424651768 -0.554314136505127 high
16.329614529096496 111.97903923071249 -0.7248952388763428 high
16.329595287236774 111.97903724166349 -0.6528581380844116 high
16.329588878692338 111.97903653983992 -0.48699235916137695 high
16.32955039016177 111.97903264470487 -0.6495552062988281 high
16.329537566698377 111.97903130216784 -0.5432532429695129 high
16.329531158004812 111.97903060817819 -0.40714260935783386 high
16.329499064013348 111.97902754095504 -1.2021872997283936 high
16.32948625954797 111.97902607848785 -0.6581388115882874 high
16.32947985401089 111.97902536681362 -0.4582047164440155 high
16.329467020172004 111.97902411756483 -0.6960521340370178 high
16.32946702266116 111.979024097955 -0.6243018507957458 high
16.32946060952257 111.97902344915428 -0.6547258496284485 high
16.329460610479742 111.9790234416136 -0.6271352767944336 high
16.329422145429554 111.97901948535296 -0.5785038471221924 high
16.329402908713714 111.97901754385391 -0.6900398135185242 high
16.329383681331898 111.97901553944573 -0.5722126960754395 high
16.329358049531717 111.979012854692 -0.37129417061805725 high
16.329345214672955 111.97901166553571 -0.8321343660354614 high
16.329332401045434 111.97901031439709 -0.7006211876869202 high
16.32929395984647 111.97900629573442 -0.4351300597190857 high
16.329268319161994 111.97900374959094 -0.74609375 high
16.329229886165923 111.97899975434729 -0.5705324411392212 high
16.329223492293277 111.97899900988305 -0.2535894811153412 high
16.329165837411207 111.97899319519635 -0.6462982892990112 high
16.3291658393734 111.97899317973844 -0.5897394418716431 high
16.329153033574727 111.97899185188537 -0.5471863746643066 high
16.32914662140623 111.97899126350707 -0.8024166822433472 high
16.329114618269198 111.97898789975815 -0.5355151891708374 high
16.329095413270686 111.97898591503035 -0.49921151995658875 high
16.329095404642104 111.97898598300497 -0.7479236721992493 high
16.329076152535265 111.97898378251138 -0.03189890831708908 high
16.32905056311326 111.97898123978507 -0.3307124376296997 high
16.32903138101265 111.97897927309279 -0.33711087703704834 high
16.329031369976327 111.97897936003491 -0.6552232503890991 high
16.32901857990378 111.97897807364008 -0.7502589821815491 high
16.32901859230499 111.97897797594557 -0.3928047716617584 high
16.328986629542506 111.9789747159822 -0.46945032477378845 high
16.3289866292652 111.97897471816677 -0.4774434268474579 high
16.328967454409533 111.97897274755631 -0.471300333738327 high
16.328961058630128 111.97897212695733 -0.6021007299423218 high
16.32894189145663 111.97897011671215 -0.451772004365921 high
16.328935498746972 111.97896947827218 -0.5176142454147339 high
16.328922712149666 111.9789682169686 -0.7064582109451294 high
16.328903539469955 111.97896628852605 -0.8564579486846924 high
16.328890767142376 111.97896492415309 -0.6693493127822876 high
16.328877987431675 111.97896363222726 -0.7473036050796509 high
16.32887160941073 111.97896289552362 -0.4544026851654053 high
16.32884605660041 111.97896029357348 -0.5451840162277222 high
16.328826884685967 111.97895841101199 -0.8666484355926514 high
16.328826902024453 111.97895827442007 -0.36687296628952026 high
16.328814123943612 111.97895700219867 -0.5188237428665161 high
16.328807738703432 111.97895633852282 -0.49409645795822144 high
16.3287821928227 111.97895373819853 -0.5952251553535461 high
16.328756660020684 111.9789510816334 -0.4913136661052704 high
16.328737508154926 111.97894910612644 -0.47729235887527466 high
16.32873109793418 111.97894864930961 -1.2111783027648926 high
16.328705602363012 111.9789457326696 -0.16021862626075745 high
16.328673681679632 111.97894251193821 -0.40519723296165466 high
16.328616254699273 111.97893656116419 -0.2934563457965851 high
16.328609869155176 111.97893594398117 -0.4428180158138275 high
16.328603491192425 111.97893527590404 -0.40575698018074036 high
16.328603492447293 111.97893526601786 -0.3695845901966095 high
16.328577975497364 111.97893261573805 -0.3049291968345642 high
16.32857796460674 111.9789327015374 -0.6188598871231079 high
16.328571583001235 111.97893206002445 -0.6801668405532837 high
16.328526942063128 111.97892738207975 -0.4274691045284271 high
16.328507812388953 111.97892537779683 -0.32367029786109924 high
16.32848868038417 111.97892339364262 -0.29545626044273376 high
16.32845679777456 111.97892007447098 -0.2072233408689499 high
16.328444042267193 111.97891877280766 -0.2683737874031067 high
16.328431286119635 111.97891747978747 -0.36190298199653625 high
16.32843128923259 111.97891745526196 -0.27216675877571106 high
16.328424904368237 111.97891686356542 -0.5197744369506836 high
16.32841216108033 111.97891548199661 -0.2901052236557007 high
16.328399406228893 111.97891417967455 -0.3518906831741333 high
16.328380273090286 111.97891225731286 -0.5590521097183228 high
16.328373908294104 111.97891151395056 -0.2533058226108551 high
16.328367531799838 111.97891086349155 -0.2876851260662079 high
16.328342031490955 111.97890823924985 -0.34454983472824097 high
16.32834203335802 111.9789082245399 -0.2907276451587677 high
16.32833565033079 111.97890762901989 -0.5271521806716919 high
16.32832291012094 111.97890624386895 -0.2900390625 high
16.328316541218943 111.97890553895846 -0.12684661149978638 high
16.328297412995116 111.97890358972884 -0.24446332454681396 high
16.328297408632583 111.97890362410021 -0.3702245056629181 high
16.328259159880538 111.9788997023373 -0.5249667167663574 high
16.3282591717244 111.97889960902141 -0.18353375792503357 high
16.3282464238323 111.97889828977165 -0.19310899078845978 high
16.328240044570958 111.97889767267876 -0.35385194420814514 high
16.32816356175768 111.978889756448 -0.43046167492866516 high
16.328125336329766 111.97888570924356 -0.15429793298244476 high
16.328118955584916 111.97888510898703 -0.3810580372810364 high
16.328106222572615 111.97888368441123 -0.01547597348690033 high
16.32809982936501 111.97888318263294 -0.6032791137695312 high
16.328036104959256 111.97887653631554 -0.5357218980789185 high
16.32801063483388 111.97887371836954 0.06758066266775131 high
16.327985128038517 111.97887118673104 -0.3806609809398651 high
16.327972382160805 111.97886986035314 -0.3847009241580963 high
16.327966000680792 111.97886926408107 -0.6319382190704346 high
16.327946886620833 111.97886723416553 -0.4929956793785095 high
16.32794052434901 111.97886648534246 -0.1830674111843109 high
16.327889540584103 111.97886117834626 -0.21279001235961914 high
16.32788316763308 111.97886051004271 -0.19973944127559662 high
16.327864050771602 111.97885848648828 -0.09388323128223419 high
16.327864047529765 111.97885851203274 -0.18734797835350037 high
16.3278576885124 111.97885773191818 0.23380085825920105 high
16.327825802509018 111.97885453868325 -0.2523351311683655 high
16.327813017824294 111.97885320506666 -0.18625721335411072 high
16.327793884945976 111.97885135211294 -0.7234055995941162 high
16.327781157622663 111.97884988825236 -0.24672794342041016 high
16.327774781786314 111.97884925116938 -0.35579901933670044 high
16.32776840357968 111.97884863201477 -0.5307153463363647 high
16.32774929639844 111.97884655365796 -0.24870899319648743 high
16.32773019095081 111.97884445422865 0.1082172766327858 high
16.32773017382859 111.97884458914959 -0.3854457437992096 high
16.327723803808663 111.97884389972151 -0.3049352765083313 high
16.32771105075909 111.97884262067268 -0.5098116397857666 high
16.32771104100972 111.97884269749687 -0.7909041047096252 high
16.327698312176267 111.97884124664508 -0.36701786518096924 high
16.327698313081953 111.97884123950828 -0.3409050703048706 high
16.327691949534042 111.97884049441812 -0.05790756642818451 high
16.327672824501853 111.97883852356446 -0.17779770493507385 high
16.32766645504577 111.9788378209795 -0.051239535212516785 high
16.327660070288754 111.97883723790956 -0.36220163106918335 high
16.32764732390036 111.97883588630164 -0.3061872124671936 high
16.32764096197454 111.97883512004898 0.0524306520819664 high
16.32759631967389 111.97883058134877 -0.4621752202510834 high
16.327558070058632 111.97882653055849 -0.3239251673221588 high
16.327526180332885 111.97882323054648 -0.4913172125816345 high
16.327494302712946 111.97881979925988 -0.18319711089134216 high
16.32747516916005 111.97881780089875 -0.22046113014221191 high
16.32746239791869 111.97881656831903 -0.6115752458572388 high
16.327462414001843 111.97881644157836 -0.14784148335456848 high
16.3274305162214 111.97881309371677 -0.1538533717393875 high
16.327404989069752 111.97881045666362 -0.31251099705696106 high
16.327385840217364 111.97880848884802 -0.4696502089500427 high
16.32737308921784 111.97880705101049 -0.11428665369749069 high
16.327360322608154 111.9788057292575 -0.1842540204524994 high
16.32734755494365 111.97880441638951 -0.28693580627441406 high
16.32734118021374 111.9788036817659 -0.05257841572165489 high
16.3273411787726 111.9788036931228 -0.0941324532032013 high
16.327334787073216 111.9788030904382 -0.3426663875579834 high
16.32729009889678 111.97879839677134 -0.34854182600975037 high
16.327258191158947 111.97879490620714 0.1491093784570694 high
16.327207087252027 111.9787896105549 -0.11934215575456619 high
16.32719428549581 111.9787884682397 -0.8519560098648071 high
16.327187906241637 111.97878771607907 -0.5564819574356079 high
16.327162356943994 111.97878497974234 -0.36992400884628296 high
16.327136802544644 111.97878224354011 -0.1854252815246582 high
16.327130430323642 111.97878142474013 0.3535465598106384 high
16.327124027437332 111.97878085370527 -0.013713791966438293 high
16.327085665166805 111.97877690455184 -0.3072549104690552 high
16.32707288154385 111.97877554153321 -0.23487186431884766 high
16.327047299979583 111.97877291833693 -0.46615058183670044 high
16.327028119403302 111.97877087325287 -0.3562591075897217 high
16.326989754357463 111.9787667640712 -0.06716303527355194 high
16.326964165297838 111.97876407436007 -0.05693589523434639 high
16.326964178946866 111.97876396679612 0.33663493394851685 high
16.326932163291275 111.97876078719554 -0.3185110092163086 high
16.326925775423597 111.97876002469381 0.013643242418766022 high
16.32691937239331 111.97875937954845 -0.08358989655971527 high
16.326900181868538 111.97875728499315 0.20702522993087769 high
16.32689376692007 111.97875672523749 -0.2025662362575531 high
16.326887361638377 111.97875608717068 -0.3255953788757324 high
16.3268745665525 111.97875468267911 -0.10191090404987335 high
16.326868166203738 111.97875399935647 -0.059259023517370224 high
16.326861765864408 111.97875332145476 -0.03604020178318024 high
16.326861773498553 111.97875326129257 0.18409043550491333 high
16.326855365713595 111.97875263232896 0.02791883796453476 high
16.326823348610688 111.97874929906526 -0.062035538256168365 high
16.32679773437623 111.9787465867511 0.03357728570699692 high
16.32679773787371 111.97874655918868 0.13442695140838623 high
16.326791328072684 111.97874592507648 -0.0023901239037513733 high
16.32675930131784 111.97874255510705 0.04452086240053177 high
16.32674648282252 111.97874125126043 -0.09783840924501419 high
16.326740087887607 111.97874047584685 0.282584011554718 high
16.326727263424957 111.97873921438689 -0.01399955153465271 high
16.326727271370306 111.97873915177286 0.21510276198387146 high
16.32670804059833 111.97873718627822 0.0385754331946373 high
16.326701631299347 111.97873651953395 0.022291965782642365 high
16.326682398770007 111.97873454382267 -0.11567632108926773 high
16.326669586854514 111.97873313976972 0.11088166385889053 high
16.326618283058984 111.97872791088227 -0.3943503201007843 high
16.326611888074577 111.978727104016 0.10367655009031296 high
16.32659264990725 111.97872509095575 0.10737059265375137 high
16.326573411558545 111.97872306314801 0.16630634665489197 high
16.3265605522661 111.97872196790782 -0.7326802015304565 high
16.326509377638466 111.97871642531398 -0.029108308255672455 high
16.326502967669214 111.97871562851684 0.4312892556190491 high
16.326502960831352 111.97871568240178 0.23412573337554932 high
16.32647724647915 111.9787130350637 0.10071485489606857 high
16.326477253817718 111.97871297723351 0.31231412291526794 high
16.326477255334122 111.97871296528373 0.35603803396224976 high
16.326464400390023 111.9787116145783 0.38935649394989014 high
16.326451533234078 111.97871035413377 0.09317667037248611 high
16.326451525078667 111.9787104184005 -0.14197371900081635 high
16.32644510315179 111.97870969420205 0.054086796939373016 high
16.32641939303361 111.97870696031796 0.2442742884159088 high
16.326400111507905 111.97870491046216 0.38815978169441223 high
16.326393674851065 111.97870429200877 0.1989814043045044 high
16.326387247172843 111.97870359400186 0.30074527859687805 high
16.32638081140478 111.9787029662749 0.14594730734825134 high
16.326342228285853 111.97869893769143 0.18188318610191345 high
16.32634222178894 111.97869898888689 -0.005440093576908112 high
16.326335794638712 111.9786982863018 0.11532353609800339 high
16.326335806675548 111.97869819145201 0.4623772203922272 high
16.32632936994368 111.97869756350384 0.31029337644577026 high
16.326322935420123 111.97869691731968 0.22518494725227356 high
16.32629077677995 111.9786935648489 0.24823901057243347 high
16.326265050238362 111.97869087581904 0.2976260483264923 high
16.326258620039635 111.97869018895523 0.3640099763870239 high
16.326239322609368 111.97868817942584 0.3780076205730438 high
16.326232883189913 111.97868756293741 0.18799325823783875 high
16.326226454160718 111.9786868647447 0.29724666476249695 high
16.326220012322548 111.97868626715402 0.038689181208610535 high
16.326213592568443 111.97868549525218 0.4182269275188446 high
16.326200716474684 111.97868425426974 0.07090029120445251 high
16.326200728162704 111.97868416217295 0.4078812301158905 high
16.326194285043346 111.97868357367808 0.11722812056541443 high
16.326194298514377 111.97868346753216 0.5056147575378418 high
16.32617499216829 111.97868152747128 0.2746144235134125 high
16.32616211870429 111.97868024112312 0.09584127366542816 high
16.326162120752965 111.97868022498058 0.15490663051605225 high
16.32615568348436 111.97867958982103 0.03684590756893158 high
16.326155689049386 111.97867954597159 0.1972905695438385 high
16.32612352298962 111.97867621883753 0.16586259007453918 high
16.326097789679576 111.97867355748116 0.14499837160110474 high
16.326091359469704 111.97867286822304 0.228131502866745 high
16.32606561969284 111.97867026388417 0.005335256457328796 high
16.326046328446143 111.97866821522926 0.19124442338943481 high
16.326007730575125 111.97866423971304 0.12619787454605103 high
16.325982014398623 111.97866149423594 0.43879708647727966 high
16.32597557133903 111.97866091642253 0.1204679012298584 high
16.325962698910185 111.97865965546795 -0.12969708442687988 high
16.325924124017355 111.97865556085823 0.2693842649459839 high
16.325904833035157 111.97865356291184 0.293754905462265 high
16.325904826880603 111.97865361140221 0.11632879078388214 high
16.325891959004394 111.97865233684436 -0.07581490278244019 high
16.325885538486183 111.97865159559373 0.20911911129951477 high
16.325846968012637 111.97864754690022 0.46754419803619385 high
16.325834106045882 111.97864624862571 0.3691340684890747 high
16.325756958471718 111.97863841532136 -0.02740044891834259 high
16.325744109202255 111.97863706010956 0.09360692650079727 high
16.32574411435175 111.97863701953985 0.24205151200294495 high
16.325737687623064 111.97863636099065 0.2334272861480713 high
16.325737680684984 111.97863641565145 0.033423371613025665 high
16.325699128905285 111.97863243377246 0.10201733559370041 high
16.325686288657785 111.97863104677684 0.34688958525657654 high
16.32566701952418 111.97862903873813 0.4516068994998932 high
16.325628478174483 111.9786250998906 0.38935455679893494 high
16.325602800906502 111.97862238102392 0.6960939168930054 high
16.325583527442223 111.97862048617243 0.4023897349834442 high
16.32557711398418 111.97861977194592 0.607560396194458 high
16.325577094251955 111.97861992739763 0.038762375712394714 high
16.32556426514557 111.9786185227151 0.36333176493644714 high
16.32556427036038 111.9786184816326 0.5136526823043823 high
16.32555784559071 111.97861787069671 0.34244504570961 high
16.32553859209813 111.97861587956076 0.41018691658973694 high
16.325532189624298 111.97861509425401 0.8782423734664917 high
16.325532176950396 111.97861519409886 0.5129098892211914 high
16.325525753777196 111.97861457412066 0.3764263689517975 high
16.325512916775928 111.97861326736934 0.3490545153617859 high
16.32551290525308 111.97861335814585 0.016903221607208252 high
16.325506506025697 111.97861255584532 0.548698902130127 high
16.32548723932209 111.9786107081521 0.10040301829576492 high
16.32548083169699 111.97860998182432 0.3558228313922882 high
16.325467999730943 111.97860866790894 0.3601894676685333 high
16.32546158258725 111.9786080312701 0.2889709174633026 high
16.325455167846535 111.97860736281999 0.3338245153427124 high
16.325455171486325 111.97860733414618 0.43874192237854004 high
16.32544233713351 111.97860605804559 0.3078654706478119 high
16.325442345486824 111.97860599223938 0.5486503839492798 high
16.325403848951428 111.97860217809274 0.11384586244821548 high
16.32539103635336 111.97860076942044 0.4741939902305603 high
16.325378197553256 111.97859957700155 0.04478432983160019 high
16.325371789231518 111.97859889722326 0.13642200827598572 high
16.325365391851477 111.97859813372517 0.5347647070884705 high
16.325365388793838 111.9785981578126 0.4466288685798645 high
16.325352564151164 111.97859687367335 0.35581889748573303 high
16.32533976106892 111.97859542964711 0.8515162467956543 high
16.325294885694017 111.97859098551754 0.36713337898254395 high
16.32525644822188 111.97858704144417 0.45827239751815796 high
16.32523699295456 111.97858518177219 -0.025148332118988037 high
16.325224248599287 111.97858362337384 0.9196211695671082 high
16.325217851554317 111.97858304763997 0.6482089757919312 high
16.325211460306615 111.97858242871318 0.53517085313797 high
16.325211460850202 111.97858242443107 0.5508391261100769 high
16.3252050626732 111.97858186253639 0.22944799065589905 high
16.32520506869635 111.97858181508838 0.40306001901626587 high
16.3251922925574 111.97858054686216 0.2900914251804352 high
16.32518590461356 111.9785799115098 0.23843932151794434 high
16.325179527081325 111.97857919646246 0.4787018895149231 high
16.325160363104626 111.97857731215443 0.24692603945732117 high
16.325153987398295 111.9785765917081 0.5081471800804138 high
16.32514758995802 111.97857604407733 0.13729459047317505 high
16.325147592869495 111.97857602114169 0.22121590375900269 high
16.32514121776684 111.97857530024332 0.48466846346855164 high
16.32512843325776 111.97857413496126 0.0006512627005577087 high
16.325128453555344 111.97857397506304 0.585717499256134 high
16.32510292082215 111.97857140564288 0.4959695637226105 high
16.325071012719498 111.97856814657032 0.5612682700157166 high
16.325064614250387 111.97856763285151 0.06976091116666794 high
16.325058245827712 111.9785668841445 0.43830373883247375 high
16.325051870943476 111.97856618801768 0.6146830320358276 high
16.325045477724988 111.97856563796873 0.25678735971450806 high
16.32503910345227 111.97856494027876 0.43932631611824036 high
16.325032724984464 111.97856427721345 0.49538758397102356 high
16.325026333216965 111.97856372046377 0.16265055537223816 high
16.325026332349193 111.97856372729997 0.13763707876205444 high
16.325007208564294 111.97856166011995 0.5930013060569763 high
16.325000821633612 111.97856107109787 0.3791406750679016 high
16.325000830033222 111.97856100492672 0.6212599873542786 high
16.324937044806465 111.97855452916559 0.634995698928833 high
16.32492428073453 111.97855330140986 0.3929239511489868 high
16.324924287981087 111.97855324432135 0.6018097996711731 high
16.32489877441257 111.97855070038402 0.44347792863845825 high
16.324873260753815 111.97854816270836 0.26371634006500244 high
16.324866910211952 111.97854730860148 1.0227737426757812 high
16.32486052399516 111.97854672861209 0.7785805463790894 high
16.324847768522364 111.97854545198571 0.7179676294326782 high
16.32480950388709 111.97854162004361 0.5454076528549194 high
16.32480312617183 111.97854099253145 0.47642600536346436 high
16.324803121887797 111.97854102628206 0.3529333770275116 high
16.324764871518685 111.9785370949415 0.5460754036903381 high
16.324752123011514 111.97853578072281 0.6248221397399902 high
16.32470111197266 111.97853062635207 0.5633821487426758 high
16.32469473277094 111.97853001877537 0.4219816327095032 high
16.324688367987676 111.97852928218144 0.7519158720970154 high
16.324681991832843 111.97852863488708 0.755071222782135 high
16.324650110857302 111.97852539452096 0.7844213843345642 high
16.324643742411947 111.9785246840734 1.0183509588241577 high
16.324618226214522 111.97852217860893 0.7231189012527466 high
16.324599107442182 111.97852014191047 1.0771937370300293 high
16.32457997461197 111.9785182100076 1.046998143196106 high
16.32457359400167 111.97851758808683 0.9560529589653015 high
16.324567215414046 111.97851694938566 0.9263939261436462 high
16.324554453367764 111.97851570771124 0.7359938025474548 high
16.324503426910958 111.97851053032038 0.7399677038192749 high
16.32448428354033 111.97850864467796 0.5348542332649231 high
16.324477933915396 111.97850777817054 1.3374214172363281 high
16.324465174170566 111.97850648763803 1.32159423828125 high
16.324394974058162 111.97849946717443 0.9375815391540527 high
16.324382219790895 111.97849809589324 1.2119303941726685 high
16.32436307528158 111.97849612244457 1.3159339427947998 high
16.32436306293541 111.97849621972018 0.9600073099136353 high
16.324350315020915 111.97849478943066 1.4482533931732178 high
16.32433753074157 111.97849363115317 0.9398716688156128 high
16.324331155007737 111.97849292010659 1.1679426431655884 high
16.32432475972131 111.97849236132532 0.8386234045028687 high
16.324305616645418 111.97849033694726 1.1225147247314453 high
16.324267305407005 111.97848643491375 1.1459897756576538 high
16.324197046856423 111.97847928391175 1.1522687673568726 high
16.32417787275369 111.97847738325797 0.9654733538627625 high
16.32417149298191 111.97847665399026 1.2527648210525513 high
16.324165103863503 111.9784760037697 1.2508455514907837 high
16.32412038422014 111.97847130357776 1.769168496131897 high
16.324113976008277 111.9784707782204 1.3072384595870972 high
16.3241075837144 111.97847012514742 1.312252163887024 high
16.324107580078884 111.9784701537926 1.2074410915374756 high
16.32409480866875 111.97846873689976 1.6215949058532715 high
16.324088394958856 111.97846824563527 1.0334664583206177 high
16.32406922605078 111.97846618878764 1.4002145528793335 high
16.324056422430566 111.97846499708808 0.9859048128128052 high
16.324043647239908 111.97846358771521 1.3672701120376587 high
16.32403725614767 111.9784629070225 1.4695849418640137 high
16.32403085684212 111.97846228105784 1.3709102869033813 high
16.324018068934723 111.97846093002082 1.5346643924713135 high
16.32401806690536 111.97846094601081 1.4761580228805542 high
16.324011668323745 111.97846030717012 1.4234225749969482 high
16.323998870841965 111.97845903240628 1.3064461946487427 high
16.32398606969368 111.9784577693002 1.1448633670806885 high
16.32397967933897 111.9784570536091 1.3713252544403076 high
16.323973583724765 111.97845647909499 1.1938583850860596 high
16.323973590280257 111.97845642744115 1.3828563690185547 high
16.32395433504349 111.97845444507197 1.434091329574585 high
16.323954324648085 111.97845452698189 1.1343882083892822 high
16.32392223896965 111.9784511243659 1.572561264038086 high
16.32392223565225 111.97845115050495 1.476920247077942 high
16.323909383528086 111.97844991397719 1.1937015056610107 high
16.323909397937197 111.97844980044269 1.609116792678833 high
16.32389012726584 111.97844786998967 1.458043098449707 high
16.323883711320807 111.97844716168916 1.6439882516860962 high
16.323825910612218 111.97844117731977 1.8722195625305176 high
16.323819470404143 111.9784406417526 1.4220877885818481 high
16.323787354438508 111.97843726880507 1.7087117433547974 high
16.323780938360887 111.97843653345548 1.9871410131454468 high
16.323761645452954 111.97843467833478 1.536352276802063 high
16.323755207356236 111.97843411079279 1.1991783380508423 high
16.32374878670192 111.97843340449592 1.3692997694015503 high
16.323742362347183 111.9784327260679 1.4370522499084473 high
16.323742378438716 111.97843259928237 1.9009522199630737 high
16.323716668716568 111.97842997040829 1.857575535774231 high
16.32369738982577 111.97842795987525 1.963126540184021 high
16.323678103182292 111.97842600973496 1.8445693254470825 high
16.32366522517713 111.9784248596689 1.2144092321395874 high
16.32365881783342 111.9784240263627 1.8433945178985596 high
16.323633106899628 111.97842136692122 1.8919776678085327 high
16.323613831713253 111.97841931247186 2.143932819366455 high
16.32358167555155 111.97841610478596 1.7637465000152588 high
16.323562389853173 111.9784141013507 1.8190363645553589 high
16.323555961756224 111.97841343203132 1.8423734903335571 high
16.32355596495277 111.97841340684705 1.9345210790634155 high
16.32354311192856 111.97841205057678 2.0449841022491455 high
16.323530255361845 111.9784107144232 2.080043077468872 high
16.32349809463974 111.97840752698177 1.6018563508987427 high
16.323472377625325 111.97840489035514 1.5301979780197144 high
16.32346594927364 111.97840422496655 1.53423011302948 high
16.32340809881569 111.97839823072181 1.5768998861312866 high
16.323401678988905 111.97839751941369 1.746373176574707 high
16.323363091925067 111.97839371443582 1.0586081743240356 high
16.32335669321711 111.97839282782728 1.8665772676467896 high
16.323343836649055 111.97839152331592 1.7666114568710327 high
16.323343845340858 111.97839145484123 2.0171563625335693 high
16.32332456924151 111.97838943838816 2.083381175994873 high
16.32331172339587 111.97838806931586 2.217052459716797 high
16.323298852624955 111.97838689415623 1.6396853923797607 high
16.323286005722295 111.97838552878854 1.7567737102508545 high
16.323221771789715 111.97837883456287 1.842686414718628 high
16.32320893093833 111.97837746751638 1.959816575050354 high
16.32318325147101 111.97837476081403 2.0919337272644043 high
16.323144700654844 111.97837097375763 1.282322645187378 high
16.323138305795386 111.9783701113921 1.9924887418746948 high
16.323074121596225 111.97836346606779 1.8435397148132324 high
16.32307411626216 111.97836350808716 1.6897927522659302 high
16.323067697616093 111.97836285814661 1.620363712310791 high
16.322939458513016 111.97834937596106 1.963892936706543 high
16.32290740772807 111.97834609936383 1.6958035230636597 high
16.322849770152587 111.97833996376465 2.0750608444213867 high
16.322824142781574 111.97833740766379 1.6160383224487305 high
16.322747333638013 111.97832945790707 1.2599761486053467 high
16.32272173034762 111.9783269149874 0.7476826906204224 high
16.322670314974776 111.97832158988331 0.5570749640464783 high
16.322619404555084 111.97831581272257 2.0816152095794678 high
16.322606639995247 111.97831469814328 1.2565468549728394 high
16.32253024348545 111.97830671466099 1.046561360359192 high
16.32240938965591 111.97829392333152 1.2710288763046265 high
16.32229491629912 111.97828225414563 -0.14064952731132507 high
16.32227585493195 111.97828020578551 0.005046956241130829 high
16.322193190680856 111.97827191753385 -1.504651665687561 high
16.32216774442146 111.97826947093264 -2.3445327281951904 high
16.322059668480424 111.97825853687712 -3.928050994873047 high
16.321907100570062 111.9782426993628 -4.61865758895874 high
16.32182458745947 111.97823282907399 -0.2200516164302826 high
16.32172277952879 111.97822220679986 -0.3405769467353821 high
16.32169093103075 111.97821903154781 -0.8938218951225281 high
16.321665434273612 111.97821660286277 -1.7393591403961182 high
16.321633579502475 111.97821336301799 -2.045161724090576 high
16.321608100535563 111.97821068436915 -1.9677064418792725 high
16.32158894523369 111.97820900921089 -3.1283669471740723 high
16.321442178780053 111.97819457991397 -6.139712333679199 high
16.32138489480216 111.9781886852973 -6.322348117828369 high
16.321308077468366 111.97818049772664 -5.441496849060059 high
16.349528607779096 111.9810873129594 -7.218674659729004 median
16.345435408774573 111.9806622085749 1.1820985078811646 median
16.342841969225198 111.98039558007174 1.5616836547851562 median
16.342784374859924 111.98038995319739 0.883422315120697 median
16.341504300364075 111.98025939726999 -0.051257479935884476 median
16.336128768169637 111.97970688418935 -2.57706356048584 median
16.335820778493467 111.97967445109254 -1.195350170135498 median
16.334378192461 111.97952772593683 -2.4961915016174316 median
16.332951701781113 111.97938120190632 -3.408773183822632 median
16.332713949014092 111.97935710830866 -5.74810791015625 median
16.332713993318897 111.97935676739677 -4.500351428985596 median
16.3312650793547 111.97920714990214 -3.005831480026245 median
16.329473404582753 111.97902499313987 -1.4954876899719238 median
16.32934518764833 111.97901187025009 -1.5815346240997314 median
16.328673657816125 111.97894269993826 -1.093069314956665 median
16.327889519269718 111.97886134629458 -0.8272961974143982 median
16.326746455746726 111.97874146463413 -0.8785640001296997 median
16.326470785754193 111.97871262251576 -0.8443158268928528 median
16.325949823341183 111.97865843047114 -0.5095932483673096 median
16.32594985196369 111.97865820495741 0.3155606687068939 median
16.325058216147802 111.97856711795677 -0.41721245646476746 median
16.32502635499945 111.97856354886471 0.7905293107032776 median
16.324694756257244 111.9785298337397 1.0990211963653564 median
16.323562409403237 111.97841394732365 2.3826119899749756 median
16.323562373416657 111.97841423084738 1.3452162742614746 median
16.323196045088107 111.97837646224231 0.7522290349006653 median
16.32261941790823 111.97831570753596 2.4664907455444336 median
16.322256752435315 111.97827848874095 -1.0607213973999023 median
16.321633602484606 111.97821318191228 -1.3824927806854248 median
16.345211365234242 111.98063886739607 1.217912197113037 median
16.343174707513565 111.98042925833823 1.4131715297698975 median
16.343097860285347 111.98042144465128 1.4439337253570557 median
16.342502926476392 111.98036149863479 0.8795825242996216 median
16.339484980306917 111.98005170624178 -0.3988076448440552 median
16.332238504184847 111.97930692668882 -3.0522754192352295 median
16.33168685325814 111.97925032178593 -3.9970288276672363 median
16.331641889326896 111.97924560648097 -3.712597131729126 median
16.322256803057783 111.97827808991941 0.39856430888175964 low
16.32188167397504 111.97824000341298 -4.5162248611450195 low
16.321875451328804 111.97823827235192 -0.6221727728843689 low
16.321849905343292 111.97823645511566 -3.7323694229125977 low
16.32185002189332 111.97823554492246 -0.4015919864177704 low
16.342816217170988 111.98039428732181 -3.159975290298462 low
16.342803576851743 111.98039179716643 1.2259048223495483 low
16.342726824355825 111.98038401027951 1.3561009168624878 low
16.34272629558132 111.98038815181091 -13.799017906188965 low
16.342701111106702 111.98038241669693 -2.2711918354034424 low
16.34269458549319 111.98038277873027 -5.961054801940918 low
16.342675650342805 111.98037884979568 1.3205530643463135 low
16.345435357295408 111.98066261421745 -0.3021712601184845 low
16.349599035852382 111.98109230271089 1.9689441919326782 low
16.349534662277406 111.98109076558688 -17.38654899597168 low
16.34950326849318 111.9810822734622 1.3621563911437988 low
16.343257931524313 111.9804378426213 0.9184471964836121 low
16.342202222208964 111.98033110494978 0.34290823340415955 low
16.34103681632909 111.98021048068658 0.9478748440742493 low
16.339555228730088 111.98005856056587 0.40648940205574036 low
16.339299825173367 111.98003321911862 -0.9352092146873474 low
16.33855105369564 111.97995831840066 -1.0377980470657349 low
16.336726264617035 111.97976956451306 -2.295999050140381 low
16.336565649854954 111.97975266234732 -2.3636226654052734 low
16.333336517786222 111.97942139434896 -4.363312721252441 low
16.331533252248846 111.97923450907415 -3.5852129459381104 low
16.330415895690088 111.9791207394662 -0.4738740921020508 low
16.324299255994372 111.97848949791252 1.8175568580627441 low
16.323941508971025 111.97845302651339 1.8210294246673584 low
