lat lon elevation
16.837997818755333 112.35466825995549 1.8076243
16.837997816249764 112.35466827284286 1.8940179
16.837985103622838 112.35466696738314 1.6466508
16.837985096651273 112.35466700324106 1.8870333
16.837978734404835 112.3546663836081 1.9835308
16.837978722108428 112.35466645223266 2.4428973
16.837978713616845 112.35466649590859 2.7356899
16.837978738225477 112.35466636395691 1.8517941
16.837978747041902 112.3546663186102 1.5478011
16.837966029348475 112.35466504941498 1.5368394
16.837966022516778 112.35466508455312 1.7723968
16.83796601635899 112.3546651162251 1.9847181
16.837946936893193 112.354663239725 2.1431465
16.83794695383344 112.35466315259549 1.5590509
16.837946931746483 112.35466326619633 2.320604
16.837940581766674 112.3546625932433 2.0531957
16.83794058871568 112.35466255750231 1.8135966
16.83791514420468 112.35466011519195 2.4057794
16.83790880250056 112.35465940714431 1.8980964
16.83789608891339 112.35465814553278 1.9161205
16.83789608516409 112.35465816481617 2.0453923
16.837800783526735 112.3546486561752 1.7509875
16.837749976097758 112.35464357430283 1.4542574
16.837724538814435 112.35464122809095 2.5960774
16.837705500080148 112.35463926426543 2.079187
16.837661050887302 112.3546348493921 1.9763192
16.83766104337996 112.354634887998 2.2351294
16.837654711044635 112.35463416810241 1.6208428
16.83764836208264 112.35463353406526 1.5817618
16.837629303967493 112.35463170109834 1.9247354
16.837610248441653 112.35462984752006 2.1278095
16.837610268638585 112.35462974366253 1.4315568
16.837603907555874 112.35462917865011 1.8523244
16.837419756586655 112.35461095779749 1.7083074
16.837369006625824 112.35460561529933 -0.44621193
16.83733722224539 112.3546025863543 0.29332796
16.837311812763144 112.35460004457649 0.0958866
16.837311805415684 112.35460008235145 0.34913257
16.837299146711032 112.35459857601282 -1.3270704
16.837292777582313 112.35459802322556 -0.82096016
16.83726737103232 112.35459544050828 -1.2837328
16.837254625324142 112.35459436031174 -0.09711901
16.837254655248362 112.3545942064699 -1.1284899
16.837248291922748 112.35459361550562 -0.8755601
16.83721652677489 112.35459037632857 -1.5105245
16.83721651907087 112.35459041593438 -1.2450025
16.837210165699688 112.35458977072486 -1.3536035
16.837210163032086 112.35458978443874 -1.2616639
16.837197447228608 112.35458853633371 -1.1936951
16.837197452276342 112.3545885103839 -1.3676658
16.837178376533696 112.35458662281279 -1.3632895
16.83717202548767 112.35458595187008 -1.6406753
16.8371656546582 112.35458538108664 -1.2460303
16.83714657664755 112.35458348202593 -1.3104458
16.837140219655765 112.3545828337267 -1.4331949
16.837140220168685 112.35458283108993 -1.4508722
16.83714021235831 112.35458287124077 -1.1816947
16.83711477211958 112.35458032944427 -1.3227288
16.83710204610422 112.35457907073163 -1.3068234
16.837070235725786 112.35457588723727 -1.5042847
16.837070231595774 112.35457590846772 -1.361952
16.837063868144227 112.35457527235722 -1.3953799
16.83705751559645 112.35457457832342 -1.8164561
16.8370511440844 112.35457397988507 -1.595955
16.83701931364519 112.35457081931264 -1.611777
16.83701293612003 112.35457024007822 -1.258274
16.837012967935344 112.35457007115964 -2.3900642
16.837012945168166 112.3545701935673 -1.5700929
16.837006576268323 112.35456956798583 -1.5265805
16.836987480316633 112.35456763869223 -1.745807
16.83695561176814 112.35456456739848 -1.1255906
16.836949253865896 112.35456387146684 -1.5475545
16.83694925489946 112.35456386615407 -1.5831727
16.83693013859432 112.35456196936661 -1.5619177
16.836930161860757 112.35456184439697 -2.3990695
16.836923763539406 112.35456134750461 -1.4834561
16.836923762348672 112.35456135362524 -1.4424219
16.836917407560943 112.35456062037859 -2.1093125
16.836917391858538 112.35456070646723 -1.5328282
16.83685370684063 112.35455447601181 -1.4685467
16.83684728952962 112.35455399041828 -0.3863861
16.83684732207759 112.35455382312091 -1.5079963
16.836840933530162 112.35455318736379 -1.4318187
16.836834553750467 112.35455250422254 -1.6725758
16.8368345531667 112.35455250722312 -1.652459
16.83683454696076 112.35455253912174 -1.4386014
16.836828168407592 112.35455184237027 -1.7692312
16.83682177968518 112.35455120554968 -1.6986479
16.83682177930992 112.35455120747848 -1.6857165
16.836815392015048 112.35455055601584 -1.7119534
16.836815392496863 112.35455055353928 -1.7285569
16.836802618241556 112.3545492419521 -1.8370701
16.836802611571052 112.3545492762384 -1.6072044
16.836802616878725 112.35454924895706 -1.7901068
16.836777054044042 112.35454667167558 -1.691748
16.836777059941088 112.35454664136493 -1.8949596
16.836770665288267 112.35454602153335 -1.7059689
16.83673231798895 112.35454208803476 -1.9907899
16.836725917666424 112.35454147629235 -1.743218
16.83670674177368 112.35453948351817 -2.0520678
16.8367067414415 112.35453947985042 -2.075982
16.836706744050737 112.35453946643909 -2.1658957
16.836706727906186 112.35453955479612 -1.574198
16.836700338846473 112.3545388710603 -1.806874
16.836693942526487 112.354538222374 -1.8041644
16.836693938127937 112.35453824498225 -1.6525915
16.8366747480716 112.35453629099378 -1.6953669
16.83666194936319 112.35453500450983 -1.6137185
16.836642751016257 112.3545330594527 -1.5917666
16.836636354648384 112.35453239080624 -1.7199674
16.836623561808175 112.35453105239608 -1.9837945
16.836610752734323 112.35452978359353 -1.779455
16.836610750963743 112.35452979269417 -1.7184412
16.836604358149994 112.35452908436369 -2.1103158
16.83659795788215 112.35452842253153 -2.191611
16.836597952962133 112.35452845319514 -1.9867074
16.836591576245524 112.35452766775371 -2.8965468
16.83659154983983 112.35452780885187 -1.9512532
16.836585147934986 112.3545271510728 -2.0050964
16.836585151319255 112.35452712830288 -2.1570783
16.836585168890547 112.35452703798786 -2.7625802
16.836585151097157 112.35452712944439 -2.149425
16.836578745241678 112.35452648980056 -2.0815682
16.836578740938872 112.35452651729172 -1.8979337
16.83657234032641 112.35452584315998 -2.0605202
16.83657233644681 112.35452586847595 -1.8914688
16.836565931105188 112.35452522186968 -1.8701069
16.836559533944932 112.3545245353317 -2.1169615
16.836559532116926 112.35452455010267 -2.0186074
16.836553128137304 112.354523886828 -2.1082008
16.836540315441713 112.35452259397718 -2.0633688
16.836540294921104 112.35452270482678 -1.3208704
16.83653390955818 112.35452193947896 -2.0947363
16.836501871715473 112.35451867875186 -2.1731844
16.836501876817238 112.3545186525291 -2.348991
16.836495468215418 112.35451799944276 -2.3711941
16.836489073288387 112.35451727400422 -2.8785768
16.836489060576955 112.35451733934033 -2.4405408
16.83647623729188 112.35451605413724 -2.344946
16.836463446647926 112.35451459300552 -3.4294426
16.836463412452837 112.354514768767 -2.2510757
16.83645700001985 112.3545141231154 -2.2242937
16.836457007257216 112.35451408591557 -2.4736946
16.836450592299588 112.35451345122883 -2.373597
16.836450589583336 112.35451346519027 -2.2799942
16.836444177298 112.35451281476561 -2.2856214
16.83644418180325 112.35451279160876 -2.4408734
16.836392872926034 112.35450757673159 -2.572927
16.83636720015454 112.35450501440116 -2.3439665
16.83636720437509 112.35450499270735 -2.48941
16.836360776428847 112.35450439763716 -2.128022
16.83634794704349 112.3545030656736 -2.3573449
16.836335111158114 112.35450176978532 -2.3478801
16.836335122059364 112.35450171375209 -2.7235477
16.83633511144559 112.35450176830767 -2.3577867
16.83632227080244 112.35450047957605 -2.3009331
16.836322272187587 112.35450047245624 -2.348667
16.836315860495954 112.3544997810322 -2.6364784
16.836309431544134 112.35449917654243 -2.3419626
16.83630943313925 112.35449916834338 -2.3969321
16.83630301294198 112.35449851708134 -2.4165215
16.836296591540357 112.35449787024811 -2.4069579
16.83625804887021 112.35449403122631 -2.0808473
16.836245210466014 112.35449268927763 -2.394342
16.83624521803418 112.35449265037589 -2.6551545
16.836238789667988 112.35449202401894 -2.513744
16.83623237203107 112.35449134086961 -2.7537587
16.836232395789313 112.35449121874748 -3.5725133
16.836225942936693 112.3544907149842 -2.6105316
16.836200235018183 112.35448815157183 -2.4459808
16.8362002383545 112.35448813442234 -2.560958
16.836200236951175 112.3544881416358 -2.512596
16.836180962412673 112.35448616994312 -2.7263293
16.83618096631645 112.35448614987659 -2.8608634
16.83617452828821 112.35448555733221 -2.4999487
16.836168101849236 112.35448490370091 -2.5493662
16.836155251308956 112.35448357992966 -2.7612684
16.83614882037127 112.35448294495723 -2.6879964
16.836142387955316 112.35448232114219 -2.541389
16.836135953470077 112.35448170149463 -2.3670292
16.83612953330816 112.3544810067847 -2.6967626
16.836123111414125 112.354480329599 -2.911149
16.836110238641805 112.35447909992051 -2.5039487
16.836110247961038 112.35447905201596 -2.825121
16.836097378985663 112.35447779729395 -2.5893524
16.836071654990118 112.3544751999751 -2.7178483
16.83607166378334 112.35447515477388 -3.0208967
16.836065219467603 112.35447457061697 -2.6183934
16.836045925439738 112.35447261545264 -2.776173
16.835994439979757 112.35446751276758 -2.4935646
16.83598800772697 112.35446685211203 -2.6157908
16.835981579970284 112.35446616722871 -2.901485
16.835975145928032 112.3544655135567 -2.9789639
16.83594939128261 112.35446298313376 -2.7344508
16.835949387374594 112.3544630032237 -2.5997586
16.83594938386078 112.35446302128717 -2.4786525
16.835936507882074 112.35446174294073 -2.4508514
16.83592364689503 112.35446038353011 -2.9708614
16.835923644918502 112.35446039369097 -2.902738
16.835917203692095 112.35445977272629 -2.7711902
16.835885003922964 112.3544566060808 -2.5425086
16.83586568357344 112.35445469187285 -2.5132155
16.835865680215324 112.35445470913652 -2.3974714
16.835859239054383 112.3544540747422 -2.365313
16.835852805351973 112.3544534011816 -2.5968723
16.83585279538425 112.35445345242485 -2.253312
16.835839911233354 112.35445218863767 -2.1610446
16.835788378977732 112.35444708258125 -2.1791327
16.835775483387888 112.3544458739764 -1.7411267
16.83577549540037 112.35444580684279 -2.1905499
16.835769045228115 112.35444521398296 -1.8965737
16.835762610944723 112.35444452806863 -2.2262828
16.835756168511615 112.35444388882851 -2.2448895
16.835743275235934 112.35444265721658 -1.9719994
16.83567882042644 112.35443639687723 -1.360654
16.835665955528558 112.35443499702995 -2.2418149
16.835665927700315 112.35443514548155 -1.2471871
16.835627281309826 112.3544312135198 -2.124997
16.835511253135458 112.35441985881425 -2.0741403
16.835511231875152 112.35441996812938 -1.3412228
16.835414567785477 112.35441065004267 -1.9811488
16.8354016791134 112.35440940655894 -2.0813122
16.835401655557796 112.35440952768191 -1.2692181
16.83539523412741 112.35440878288898 -2.1440897
16.835324237612692 112.3544025224781 1.1684041
16.835163148667338 112.35438701614623 0.21154971
16.835156695232275 112.35438645048423 0.546264
16.835150250706224 112.35438583942248 0.5773564
16.835111585530903 112.35438217169455 0.7727469
16.834989258078043 112.35437011689886 -1.3072346
16.8348155011013 112.35435298428253 -3.3442469
16.834809077723524 112.35435229777649 -3.74214
16.83478980886082 112.35435023670637 -4.933879
16.834776902771782 112.35434917640532 -3.6142004
16.834770501791045 112.3543483797608 -4.7380357
16.834757607580592 112.35434726319859 -3.782647
16.834738312961694 112.35434536032288 -3.8628323
16.834738307384466 112.35434538900863 -3.6704907
16.834725449713602 112.35434409373646 -3.891314
16.83471258294932 112.35434284385317 -3.7980866
16.834712581811296 112.35434284970653 -3.7588391
16.834468298770112 112.35431902742684 -0.636659
16.83446184735799 112.35431853836714 0.42053032
16.834384781285234 112.35431096912778 1.9141924
16.834333515443493 112.35430543366766 -0.15109776
16.834320748364807 112.35430418556655 -1.1971428
16.83427587443344 112.35429932038132 -2.2631183
16.834269464574575 112.35429862751451 -2.3903136
16.834263047872163 112.35429797112828 -2.2702947
16.83425023763286 112.35429654807653 -2.7626743
16.8342438226351 112.35429588680556 -2.6677518
16.834237408808413 112.35429522082205 -2.601926
16.83423740614229 112.35429523453651 -2.5099673
16.834186140022922 112.3542897256273 -3.1103196
16.83416045876551 112.35428726762706 -1.369568
16.834154040798936 112.35428664572497 -0.97873247
16.834089924457192 112.3542801300952 1.0597583
16.834077140061112 112.35427864465136 0.26794937
16.83406434979665 112.35427719539551 -0.27410218
16.83400671547548 112.35427115082146 0.56709945
16.833846821034975 112.35425402111653 1.1684648
16.833846821693157 112.35425401773078 1.1457629
16.833834030453616 112.35425268822466 1.4923353
16.833757336166464 112.3542445881082 2.7854996
16.833738211522622 112.35424235107605 1.6936586
16.83373183841465 112.35424159809524 1.281235
16.83370629956574 112.35423884673554 1.3783789
16.833693548812406 112.35423737759211 0.8011302
16.833617014155323 112.35422889309861 -0.47041395
16.833610602320327 112.3542283711484 0.6622816
16.833604239729752 112.35422759754643 0.107137926
16.833540427865678 112.3542209089382 1.5434574
16.833514945147368 112.35421807810714 1.0520014
16.833463992597853 112.3542123971265 -0.10432794
16.833451218750525 112.35421117654832 0.9340048
16.83345119557908 112.354211295738 1.7331612
16.833451219977068 112.35421117023921 0.8917028
16.83343210438621 112.35420912371359 0.99314344
16.83341935555959 112.3542077850572 1.2276067
16.833419339638535 112.35420786695143 1.7766993
16.83334926745488 112.35420041249587 2.341064
16.833323833862288 112.3541974943931 1.1088421
16.83332384065972 112.35419745942971 0.87441754
16.833317459026865 112.35419685396415 1.3936872
16.83320928749069 112.3541851685292 0.5907041
16.83320927482535 112.35418523367206 1.0274755
16.83320291463086 112.35418454279029 0.9384733
16.83318383449405 112.35418247542563 0.6937302
16.833145667845148 112.35417841163344 0.6183088
16.833132934249765 112.35417712304817 1.0174308
16.833132967391172 112.35417695259423 -0.12542985
16.833050107078815 112.35416814567074 0.34737772
16.833043774365525 112.35416740789373 -0.18059361
16.833043746010347 112.3541675537272 0.79718715
16.833012030824733 112.35416414513625 -0.0029682592
16.832999311129722 112.35416296102062 0.8607992
16.832999324437708 112.35416289257822 0.4019082
16.832992965338025 112.3541622979392 0.8125299
16.832891432779824 112.35415178388294 0.32140043
16.832827927327777 112.3541455246223 1.7680213
16.832827962090924 112.3541453458573 0.569437
16.832815260381746 112.354144096236 0.84356093
16.832777173425885 112.35414025364753 0.9774306
16.83277083279663 112.35413957601013 0.74157643
16.832751774041824 112.35413773167821 1.2836593
16.832739105073824 112.35413631144421 0.35436633
16.832720068453433 112.35413434946939 0.07121783
16.832720078571032 112.35413429744474 -0.2775987
16.832688302626387 112.35413127293897 0.8478024
16.832656554913576 112.35412809592036 0.891348
16.832643877540722 112.35412670533742 0.090063564
16.832637508608876 112.35412616952482 0.75465626
16.832637527751924 112.35412607109664 0.09470875
16.832637537976733 112.35412601852354 -0.2577866
16.832631168612302 112.35412547431712 0.34953347
16.832618502133933 112.35412402214209 -0.88281065
16.832567634069576 112.35411922450506 0.8781455
16.832561267234535 112.35411866293869 1.3443303
16.83253588021549 112.35411599354462 0.35097724
16.832529510119706 112.35411544354342 0.88424164
16.832485031698237 112.35411098405744 0.47384223
16.832402408315474 112.35410265208878 -0.87671214
16.8323960356096 112.35410208754043 -0.48119295
16.832351485293845 112.35409778945419 -0.082417764
16.83232605506627 112.35409516216234 -1.0399207
16.832319697797338 112.35409449823838 -1.3307531
16.83230060684185 112.35409259411209 -1.6249269
16.832294232795693 112.35409200918215 -1.3922765
16.8322942477817 112.3540919321436 -1.908823
16.832281518569257 112.35409065426784 -2.1715918
16.832281497615636 112.35409076735931 -1.4139835
16.83227513895905 112.35409009769883 -1.7539161
16.832262425876777 112.35408872552128 -2.6577594
16.832243305280503 112.35408692775624 -2.2790987
16.83224331255348 112.35408689036893 -2.5297835
16.832236968964565 112.35408614153012 -3.4103277
16.83217959389498 112.35408067403787 -2.8537745
16.832166838029853 112.35407946618344 -2.6958907
16.83216683088109 112.35407950293106 -2.4494934
16.83216046682004 112.35407882448186 -2.871994
16.832083878216594 112.35407165182835 -1.5328143
16.83207108066887 112.35407059156552 -0.4170578
16.832071099587097 112.3540704943212 -1.0691
16.832013627692756 112.35406502068027 -0.80323327
16.832007250455728 112.35406435524328 -1.1614212
16.832007263266554 112.35406428939362 -1.6029592
16.83190507550482 112.35405409004862 -4.4207067
16.83186028720793 112.3540498550848 -4.172159
16.831834698444876 112.35404735482885 -4.576147
16.831834699992573 112.35404734687368 -4.62949
16.831834701784032 112.35404733766562 -4.691233
16.831828291737533 112.3540467725098 -4.391269
16.8318154944373 112.35404551764137 -4.6273184
16.831809094483223 112.35404490320036 -4.6597934
16.831802716452025 112.35404416362229 -5.5303583
16.831789891122643 112.35404303810623 -4.901383
16.831783481333865 112.35404245437844 -4.727458
16.831777367743857 112.35404191067785 -4.5198436
16.8317709452085 112.35404128694813 -4.5993614
16.83177092234187 112.35404140447952 -3.811264
16.83177095223952 112.35404125080969 -4.841685
16.831764520286487 112.35404067297573 -4.613561
16.831758101627926 112.35404002933733 -4.827392
16.831758098284816 112.35404004652054 -4.712171
16.831751664892764 112.3540394711373 -4.467793
16.831745237514088 112.35403886241015 -4.4470706
16.83174523459857 112.35403887739555 -4.346587
16.83173881405247 112.35403823113867 -4.5775757
16.831738816761295 112.35403821721557 -4.670936
16.831738812684986 112.35403823816739 -4.530445
16.831732383355185 112.35403763467191 -4.4747443
16.831725956111125 112.35403701809551 -4.506789
16.831713097959188 112.35403579679529 -4.4914484
16.831713104767665 112.35403576180018 -4.726107
16.83168738552293 112.35403330676878 -4.7785225
16.831687394768764 112.35403325924554 -5.097189
16.831674515349096 112.35403212048985 -4.527981
16.831674522948372 112.35403208142971 -4.7898984
16.83166809698617 112.35403143818873 -5.000469
16.83164878843073 112.35402965362474 -4.6582174
16.831648792663266 112.35402963186942 -4.804098
16.831642352533233 112.35402905322294 -4.581089
16.831642351531112 112.35402905837387 -4.5465493
16.831629496699968 112.35402776945664 -4.9833183
16.831610178292188 112.35402599999256 -4.537178
16.831597312774246 112.354024742074 -4.7636538
16.83159732696448 112.35402466913477 -5.252752
16.831597318010523 112.35402471515903 -4.9441338
16.83157801675203 112.35402284027565 -5.2029424
16.831578008238594 112.3540228840358 -4.9095054
16.83157159325389 112.35402216082605 -5.6542926
16.8315651356287 112.35402165009428 -4.973413
16.831545815409818 112.35401983243122 -4.842659
16.831545843480352 112.35401968814331 -5.8101945
16.831545814463837 112.35401983729375 -4.810053
16.83153938584814 112.3540191710236 -5.17096
16.831539386010522 112.35401917018892 -5.1765566
16.831532949848928 112.35401854619604 -5.2542562
16.83153294114162 112.35401859095346 -4.954131
16.831526507381174 112.35401794809052 -5.1574183
16.831526506174974 112.35401795429067 -5.1158423
16.831526540302225 112.35401777886881 -6.2921515
16.831526511954277 112.35401792458372 -5.3150454
16.83152008372881 112.35401725179442 -5.71866
16.83149431363078 112.35401484014925 -5.455046
16.83149430857637 112.35401486613038 -5.2808266
16.831481437747613 112.35401357929145 -5.689965
16.83146854439785 112.3540124031443 -5.355156
16.83117216490757 112.35398365911327 -8.362343
16.831165684433316 112.35398321957423 -7.1677485
16.831139911737115 112.35398070617856 -7.4464297
16.831030355319303 112.35397017586965 -7.4472804
16.830998143595355 112.35396705695925 -7.540323
16.8309723730788 112.35396458274809 -7.456221
16.830965932252823 112.35396395735619 -7.4785132
16.830959494769512 112.35396331576338 -7.6084127
16.830953059489897 112.3539626638492 -7.806486
16.830940180097567 112.35396142363737 -7.77475
16.830882219332945 112.35395584878432 -7.5299983
16.830882246481387 112.35395570919658 -8.466077
16.830869372328774 112.35395445289032 -8.516826
16.83086289973606 112.35395400931881 -7.302747
16.83085004502177 112.35395266606437 -7.9306107
16.83083716655063 112.35395144042958 -7.76404
16.830830713060752 112.35395090553583 -7.15684
16.83083072148222 112.35395086223483 -7.4472184
16.83079855439339 112.3539476987272 -7.674583
16.830792145684764 112.35394694215347 -8.547174
16.830792119645693 112.35394707604154 -7.6493115
16.830766389377054 112.35394455751407 -7.723524
16.83071494522322 112.35393953017304 -7.753833
16.830708515169732 112.35393890519273 -7.7291555
16.83070852375795 112.35393886103259 -8.025299
16.830695660923116 112.35393763041175 -7.8427787
16.830682812816654 112.35393633124028 -8.115332
16.830522178938523 112.35392091649169 -5.597981
16.830483410640024 112.35391696918788 -6.6957436
16.83047702630862 112.353916286535 -7.005757
16.83046422829545 112.35391507904846 -6.5639687
16.83046421241364 112.35391516071735 -6.0162783
16.830457844961604 112.35391439236022 -6.896893
16.83042584575506 112.35391145169899 -5.244239
16.8304258841137 112.3539112544489 -6.567046
16.830419485247333 112.35391066546954 -6.2385345
16.830393926397758 112.35390814118648 -6.0423436
16.830387523968763 112.3539075803912 -5.5192194
16.830374763234783 112.35390623762773 -5.952894
16.830355648645206 112.35390410077106 -7.4180746
16.83026630426899 112.35389508708093 -7.7038984
16.830259933206474 112.35389439930128 -8.011092
16.830259917743383 112.35389447881346 -7.4778605
16.830247195128898 112.35389300200096 -8.7675495
16.830215300733997 112.35388980493181 -8.657397
16.830177035120933 112.35388596649855 -8.505479
16.830170653735617 112.35388535048686 -8.3177185
16.830157908119098 112.35388403370695 -8.507809
16.83015155294241 112.3538832863335 -9.198222
16.830145168527064 112.35388269038751 -8.872199
16.830126013245497 112.35388092426302 -7.743728
16.830126042251113 112.35388077512053 -8.743927
16.83011329180346 112.35387949288388 -8.689035
16.830094190784276 112.35387746220073 -9.321519
16.830087795485834 112.35387693088136 -8.554131
16.830068680489283 112.3538749868792 -8.595615
16.830030443192644 112.35387113732699 -8.395912
16.83001770851004 112.35386980236134 -8.67018
16.83001134469378 112.35386911761806 -8.921894
16.830011348382673 112.35386909865107 -9.049093
16.830004969287216 112.35386849798806 -8.736807
16.829973104628543 112.3538653136191 -8.374313
16.829903035426973 112.35385818430379 -8.345051
16.829890291596346 112.35385690975006 -8.1852865
16.829883924843664 112.35385624625273 -8.280307
16.82988390263154 112.35385636045386 -7.5144315
16.829871192796215 112.35385491686259 -8.485152
16.829864802014452 112.35385437698248 -7.7492547
16.829845699466706 112.35385240820476 -7.880633
16.829839338837793 112.35385171306102 -8.183565
16.82982659917903 112.35385041699688 -8.155772
16.829775626679456 112.35384530044288 -7.568782
16.829769271248214 112.35384457597017 -8.062316
16.8297629157927 112.3538438512459 -8.557026
16.829762907184904 112.35384389549985 -8.2602415
16.829756538141417 112.35384323525717 -8.321358
16.829718314997617 112.3538393446509 -8.207278
16.82963547604406 112.35383095769298 -7.620239
16.82956539339174 112.35382367995426 -8.2878275
16.829559014242584 112.35382305356175 -8.110462
16.82955265160606 112.35382234619601 -8.476511
16.82955267168754 112.35382224296178 -9.168843
16.82952077238905 112.3538191019479 -8.336671
16.829450623118067 112.35381195221862 -8.09449
16.829380428353332 112.35380488262018 -7.2962446
16.829380431478324 112.3538048665561 -7.4039774
16.82938041178314 112.3538049677995 -6.7249947
16.829354884320125 112.3538023633283 -6.657474
16.82929104128555 112.35379585747754 -6.4478536
16.829271865998138 112.35379398216077 -5.871053
16.829182623100735 112.35378479561082 -6.055382
16.829176227473074 112.35378406737598 -6.5598135
16.82916980223987 112.35378349454531 -6.022774
16.829131351596217 112.35377950761716 -6.491419
16.82909286325708 112.35377564906761 -6.1027246
16.829073615312996 112.35377371739472 -5.9263115
16.82906720352134 112.35377305384851 -6.000276
16.82900946099035 112.35376715660671 -6.1667295
16.82899661119303 112.35376593353837 -5.620648
16.828958110487072 112.3537619514958 -6.0812297
16.828958093336198 112.35376203965913 -5.4899635
16.82895168913664 112.35376130684732 -6.0311356
16.82894528832099 112.35376055002315 -6.7328863
16.828938848885745 112.3537600012491 -6.040921
16.82891959817567 112.35375798917272 -6.417917
16.828919599951522 112.35375798004395 -6.479139
16.82890032858608 112.35375605875052 -6.2487173
16.82882969486218 112.35374878402394 -6.9644217
16.828823280817772 112.35374808038799 -7.314759
16.828810414011937 112.35374687490349 -6.6636252
16.828803998873408 112.3537461736075 -6.999001
16.828797574760213 112.35374551832753 -7.0261226
16.828778314313293 112.35374349663945 -7.484999
16.82877829079852 112.35374362289762 -6.638923
16.828778289910982 112.35374362746023 -6.6083236
16.828759023052346 112.35374161659166 -6.995203
16.828733323440357 112.35373898682694 -7.171314
16.82869479010272 112.35373494646653 -8.086917
16.82867546073138 112.35373323945728 -6.448223
16.828630460669036 112.3537287226202 -6.2161055
16.828611183726228 112.35372673405816 -6.474966
16.828611184591438 112.35372672961019 -6.5047965
16.82858549064793 112.35372402533949 -7.208303
16.828546912348656 112.35372017921804 -6.865977
16.828546896098647 112.35372026813675 -6.270315
16.828546888294788 112.3537203082569 -6.0012474
16.828534050734074 112.35371890262122 -6.71733
16.828514739482113 112.35371708971101 -5.81354
16.828514769215772 112.35371693147033 -6.8741136
16.82850834704337 112.3537162487319 -7.0993147
16.828508346201964 112.35371625305764 -7.070304
16.82848906640509 112.35371427342527 -7.2879424
16.82848262359143 112.3537137020952 -6.767953
16.828469771083107 112.35371237445143 -6.96763
16.828469772106004 112.35371236919252 -7.002899
16.82845047807188 112.35371046491728 -6.721137
16.828450492508715 112.35371039069422 -7.218919
16.8283797708942 112.35370331272036 -6.8533998
16.82837332599665 112.35370275670715 -6.236372
16.828354065345827 112.35370068895706 -7.0652633
16.828334730661613 112.35369903170209 -5.147401
16.828309045068046 112.35369631858737 -5.9677334
16.828270491318477 112.35369239635142 -6.2192125
16.828231926749602 112.35368855267859 -5.955316
16.828219103294067 112.35368711548072 -6.915932
16.828199794077165 112.35368535197736 -5.7289653
16.827942926091318 112.35365957234416 -5.3457675
16.82780193111798 112.35364502216727 -7.8315706
16.827789121788342 112.353643797434 -7.4179068
16.827789098183118 112.35364392418951 -6.5684705
16.827789099220936 112.35364391885304 -6.604261
16.827763509177153 112.35364133968636 -6.6491733
16.827763505784915 112.35364135712922 -6.532189
16.827757104830923 112.35364073131674 -6.416305
16.827725110427533 112.35363756313401 -6.100995
16.827718716475125 112.35363690705539 -6.1887875
16.827712324279325 112.3536362428575 -6.331133
16.82769953877283 112.3536349328767 -6.493887
16.82769314215619 112.35363429407487 -6.466181
16.827686745398772 112.35363365685969 -6.427915
16.827680353150324 112.35363299730977 -6.5395203
16.82768032733784 112.35363313003668 -5.649356
16.82763558078225 112.35362854509928 -6.2190127
16.8275780315058 112.3536227893077 -6.020358
16.827469352832523 112.3536119304818 -5.5565267
16.827469377222492 112.35361180507242 -6.3976216
16.82744381240493 112.35360923134223 -6.411432
16.8273990608698 112.35360481191148 -5.865452
16.827315976380945 112.35359649027816 -5.5999885
16.82730961732466 112.35359568609799 -6.6788325
16.827284059767216 112.35359308810209 -6.842161
16.827226537635003 112.3535873634139 -6.39275
16.827092340533966 112.35357379450969 -6.6859384
16.827092342031577 112.35357378680959 -6.7375817
16.82694532089487 112.35355894765678 -6.7744365
16.826932564339245 112.3535574986686 -7.833781
16.82690698348781 112.3535549458858 -7.63404
16.82688777842137 112.35355311508043 -6.9177365
16.826868584423554 112.35355123615575 -6.5231338
16.826868614871444 112.35355107423335 -7.6084623
16.82686859779975 112.35355116200634 -7.0197744
16.82686221796968 112.35355043732352 -7.54692
16.826862199539317 112.35355053208193 -6.911381
16.826862206310096 112.35355049727043 -7.14486
16.826849421097187 112.35354917698072 -7.332432
16.826843022015577 112.3535485489602 -7.2102513
16.82683021909654 112.3535473249898 -6.751062
16.826817434945625 112.35354599593227 -6.994608
16.826785456115243 112.35354274216604 -7.133996
16.826727864039775 112.35353699159758 -6.6512055
16.826702271736767 112.35353438854682 -6.7440314
16.826593528466873 112.35352335258025 -6.9518485
16.82659353107218 112.35352333918544 -7.0416875
16.826567886542566 112.35352073696488 -7.065735
16.826561477607495 112.3535200778145 -7.129217
16.826542243140825 112.35351811931017 -7.188696
16.826471709351303 112.35351090977433 -7.573082
16.826465292763213 112.35351027218533 -7.4867125
16.826465291649914 112.35351027790928 -7.448322
16.826369061894862 112.35350054178615 -7.278213
16.826362638558525 112.3534999274637 -7.031681
16.826336993422206 112.35349722109818 -7.7145247
16.826317729717704 112.35349533480472 -7.2615943
16.826311312597948 112.35349468374767 -7.259727
16.82629210346012 112.35349251023311 -8.730808
16.82613162325319 112.35347633640013 -7.933666
16.82604818892028 112.35346777351896 -8.517374
16.825971159349663 112.35345993416689 -8.619178
16.825971163491648 112.35345991286904 -8.762024
16.825926232133487 112.35345531995542 -8.955889
16.825919821422485 112.35345462248559 -9.261029
16.825906971818405 112.35345337359227 -8.892091
16.82588131628623 112.35345065829515 -9.614747
16.82582996572103 112.35344543154393 -9.6967125
16.825829987154926 112.35344532132855 -10.435937
16.825797876887897 112.35344214706777 -9.871405
16.825791475689112 112.35344140599489 -10.471401
16.82579149777752 112.35344129241295 -11.233206
16.82579148036225 112.35344138196486 -10.632572
16.825791464061233 112.35344146578716 -10.070368
16.825785055609316 112.35344076237521 -10.417937
16.82568238641563 112.35343026955772 -10.898382
16.82567597195063 112.35342960487448 -10.989778
16.825643887496035 112.35342635230329 -10.975483
16.825598981596382 112.3534217657601 -11.188827
16.82559897687455 112.35342179004141 -11.025969
16.82557332552284 112.35341912825429 -11.427882
16.82551560219767 112.35341324798257 -11.625771
16.825515590822622 112.35341331185546 -11.198042
16.82548994543853 112.35341065792035 -11.565334
16.825477117394954 112.35340936599982 -11.516541
16.825470705375782 112.3534087109783 -11.553507
16.825457889013474 112.35340736397433 -11.876535
16.825438665891554 112.3534053425523 -12.3702755
16.825438652233213 112.35340541278988 -11.899181
16.82541940651183 112.353403515434 -11.564552
16.825412997451817 112.35340285297677 -11.655115
16.825393757321045 112.35340094264248 -11.413371
16.825393765936514 112.35340089833747 -11.710531
16.82538734523987 112.35340029936332 -11.377065
16.825380933896003 112.35339965286303 -11.362758
16.82534244634928 112.35339584562209 -10.936603
16.82534245303232 112.35339581125442 -11.167112
16.82533603755589 112.35339519782688 -10.923085
16.825329619280925 112.3533945997657 -10.576477
16.825316813218507 112.35339325981698 -10.850706
16.82528476189632 112.35339008826799 -10.34589
16.825246327466072 112.35338618110993 -10.437822
16.82523992353316 112.3533855233876 -10.49878
16.825169461787386 112.35337845709537 -10.077701
16.82514384420681 112.3533758875546 -9.94215
16.825143855075268 112.35337583166277 -10.317029
16.825137458525656 112.35337515285907 -10.529184
16.82509265230719 112.35337060258854 -10.684314
16.825092652174508 112.35337060327085 -10.679737
16.82508624934455 112.3533699653977 -10.622742
16.82504785955356 112.35336602113162 -11.0804
16.825041464444833 112.35336534577607 -11.279073
16.824958258851247 112.35335710069502 -10.353704
16.824945471746677 112.35335577618896 -10.598323
16.824907136885447 112.35335169205106 -12.092824
16.82489435395424 112.35335037322396 -12.313198
16.824887956361895 112.35334974191416 -12.235439
16.824849597624617 112.35334583830291 -12.562189
16.824785662262766 112.35333943621987 -12.475013
16.824632279047385 112.35332417604926 -11.906895
16.824632289381807 112.35332412290612 -12.263344
16.824613123236823 112.3533222154691 -12.225704
16.82459396015041 112.353320300036 -12.249305
16.824568401425914 112.35331779867116 -11.940131
16.824562015245885 112.353317157368 -11.972001
16.824549253019512 112.35331583003818 -12.33887
16.824523694048615 112.35331335227808 -11.894828
16.824523697078007 112.35331333670023 -11.999314
16.82448538519052 112.35330950591782 -12.12372
16.824472599307537 112.35330831278051 -11.609683
16.82444707891021 112.35330568625267 -12.204887
16.824396002985985 112.35330061459985 -12.213258
16.824370471749454 112.35329805832356 -12.373509
16.824223644488473 112.35328364170981 -11.637932
16.824153465415236 112.35327657995036 -12.533601
16.82400666202298 112.3532620639301 -12.849521
16.823866436921154 112.35324839172144 -12.994272
16.823796297012528 112.35324158677824 -12.875851
16.823758061014313 112.35323770260432 -13.960671
16.823751694109397 112.35323702130513 -14.368304
16.823738940871706 112.35323576076513 -14.499009
16.82363047965232 112.35322509077213 -15.248532
16.823611332589586 112.35322320362708 -15.395852
16.823547481662228 112.35321693824507 -15.678778
16.823528307132907 112.35321512025817 -15.336894
16.823458039651005 112.35320810640887 -16.35784
16.823259661486905 112.35318879364506 -15.589199
16.823246836875885 112.35318760978346 -15.088051
16.823234044071004 112.35318624248615 -15.811446
16.823214826361653 112.35318432770217 -15.975266
16.82318918047444 112.35318186109006 -15.597928
16.82313145562789 112.35317627669764 -14.908523
16.823125040690204 112.35317564821658 -14.879162
16.823035213551705 112.35316668509743 -15.43726
16.82301594427431 112.35316481070817 -15.213939
16.823015937333942 112.35316484638642 -14.974603
16.823015937108185 112.35316484754699 -14.966818
16.822996663783314 112.35316296150042 -14.808673
16.82284881898152 112.35314824881603 -14.91015
16.82281051393672 112.35314454683532 -15.019442
16.822804051871213 112.35314392929106 -14.781155
16.822797596785033 112.35314327854219 -14.76497
16.82277177288858 112.35314064558207 -14.885408
16.822745945412702 112.35313800591194 -15.033011
16.822661935736516 112.35312957083913 -14.430946
16.822649022717126 112.35312818546815 -14.912282
16.82264902391702 112.35312817929892 -14.953667
16.822649011266453 112.35312824434135 -14.517346
16.822642545712863 112.35312759583896 -14.460409
16.822636086508652 112.35312690814523 -14.66494
16.822623157744175 112.35312559681377 -14.644012
16.82261022069424 112.35312431748784 -14.404866
16.822597296372795 112.35312296746515 -14.637283
16.822577886002207 112.35312105605439 -14.219041
16.822526154619833 112.35311576483717 -14.383494
16.822442068703754 112.35310718341239 -14.491423
16.822409715926824 112.35310391383209 -14.316832
16.822403277735745 112.35310309890818 -15.362743
16.822345000658277 112.35309743201194 -13.588885
16.822345024446534 112.35309730967529 -14.409551
16.822183300726266 112.35308094032173 -13.844722
16.821847479487857 112.3530466506195 -16.121002
16.821847481513625 112.35304664019772 -16.190916
16.82177007492629 112.35303908535762 -14.855487
16.82176362939143 112.35303844671236 -14.816086
16.82175074806692 112.353037127458 -15.02405
16.82174429283635 112.35303654690273 -14.600241
16.821744294742448 112.35303653709607 -14.666027
16.821409991647467 112.35300358745174 -13.841935
16.821410001137625 112.35300353862104 -14.169514
16.821243940356375 112.35298759721229 -13.744325
16.821237541192435 112.3529870771739 -13.12348
16.821148269114524 112.35297837596738 -14.093492
16.82114828693031 112.35297828430512 -14.708421
16.82113551647525 112.35297715946449 -14.07243
16.82112276208888 112.35297595275087 -13.9890995
16.821052635592526 112.35296929087006 -13.762695
16.820899739794513 112.35295458281372 -14.702998
16.820887019175316 112.35295326149777 -15.432977
16.820861545887546 112.3529507899939 -15.74751
16.82074050026113 112.35293926139444 -15.825953
16.82071499343307 112.35293693411666 -15.164199
16.820542892747493 112.35292052056347 -15.210767
16.82049826141261 112.35291618349127 -15.680761
16.82042806972103 112.35290950919568 -15.371946
16.820408916879103 112.35290770855124 -15.13291
16.82040253293677 112.35290709643358 -15.129849
16.820345070900796 112.35290159845324 -14.977855
16.820211113151156 112.35288871691026 -14.828734
16.820044249548175 112.3528722340771 -16.138037
16.81998640979139 112.35286665800643 -15.457279
16.8197807529555 112.3528460031235 -17.489145
16.819690738110634 112.35283690469463 -18.264584
16.81965212210607 112.35283316921854 -17.402334
16.819619928500792 112.35283011986719 -16.215513
16.819484881760864 112.35281647793425 -16.437654
16.81948489251872 112.352816422595 -16.808962
16.819478478914107 112.35281569147214 -17.351841
16.81945274397099 112.352813160454 -16.867037
16.819446322396974 112.35281246760097 -17.146032
16.819382007367206 112.35280608714089 -16.19135
16.819369165681838 112.35280470867743 -16.672886
16.819369173934486 112.35280466622348 -16.957737
16.819362745365044 112.35280401790831 -16.922249
16.819356317844413 112.35280336500428 -16.916418
16.819356326038847 112.35280332284967 -17.199263
16.81929847993038 112.3527974832671 -16.853035
16.819292054871983 112.35279682687076 -16.859917
16.81928562872658 112.35279617709173 -16.82139
16.81926635912629 112.35279419868371 -16.896229
16.81924708566248 112.35279224502835 -16.795652
16.81923422995783 112.3527909742347 -16.51048
16.819208550092604 112.35278830054935 -16.817772
16.81858775450176 112.35272451473338 -14.146695
16.81844751732414 112.35270998503981 -13.996789
16.81840930891894 112.3527059076305 -14.807493
16.818377434350513 112.3527026854151 -14.332946
16.818377430328415 112.35270270610553 -14.19412
16.818371075302355 112.35270196698144 -14.738777
16.81837107529423 112.35270196702321 -14.738497
16.818364701053806 112.35270132226782 -14.650513
16.818294630184635 112.3526940227473 -15.155706
16.818281880349446 112.35269275002078 -14.899225
16.81828187723363 112.35269276604858 -14.791685
16.818275535171235 112.35269196607094 -15.763947
16.818269126984287 112.3526915015094 -14.48641
16.81826276447417 112.35269080222099 -14.785206
16.81821179060607 112.35268559391217 -14.637171
16.81806521313253 112.35267077739488 -13.705139
16.818020625156542 112.35266612652254 -14.542775
16.817995139186472 112.35266350229635 -14.835708
16.817988744751965 112.35266296191573 -14.136983
16.817752754198306 112.35263945696185 -13.104208
16.81762517615317 112.35262668731941 -13.673077
16.81762519568446 112.35262658687168 -14.347065
16.817548410719883 112.35261912738953 -14.471059
16.817471579618267 112.35261175535508 -14.225507
16.817439534653108 112.35260880158424 -13.388687
16.817439543609826 112.35260875552129 -13.697767
16.81733065909403 112.35259823967598 -14.24785
16.817324253120802 112.35259761785156 -14.311013
16.817292212217296 112.3525945542804 -14.334361
16.817292209137957 112.3525945701169 -14.228097
16.817285813489658 112.35259389076056 -14.682446
16.81719610883759 112.35258516467309 -15.85176
16.817074340274694 112.35257327737924 -17.895638
16.8169589291428 112.35256212812223 -19.138277
16.81680498770446 112.35254744102782 -19.506477
16.816785757169278 112.35254553486934 -20.006222
16.816785779192436 112.35254541622729 -20.801687
16.8167280232507 112.35254003125226 -20.029905
16.816234331859224 112.35249248201069 -19.611013
16.816234309226573 112.3524925984123 -18.829865
16.816003925586113 112.35246957747768 -20.150515
16.815741707484214 112.35244275334645 -24.058222
16.81540902945606 112.35240923082992 -23.97601
16.81526825858454 112.35239501451558 -23.88385
16.81521704820507 112.3523899126752 -23.383106
16.815204247416194 112.35238862469085 -23.341892
16.81518505363308 112.3523866571369 -23.51969
16.815185064928478 112.35238659904681 -23.90954
16.81516586302808 112.35238467515003 -23.795444
16.81509548797313 112.3523775362734 -23.782183
16.815031403564195 112.35237130761811 -22.325565
16.814928883001542 112.35236120537498 -20.95544
16.81490969939879 112.35235909713151 -22.141747
16.814429032750876 112.35231105680107 -21.447487
16.81441619856668 112.35230983893467 -21.033062
16.814403380682162 112.35230853643795 -21.188177
16.8143905562236 112.35230726697094 -21.123178
16.814377725283443 112.35230603508768 -20.80814
16.814345664626998 112.35230285344163 -20.70983
16.814198187948417 112.35228817241457 -20.688671
16.814198180988658 112.35228821358781 -20.413017
16.814191767264226 112.35228758141805 -20.375294
16.814191778888613 112.35228751625402 -20.81196
16.814185357683776 112.35228692281949 -20.514708
16.81417894324276 112.35228629987157 -20.416576
16.81415330472635 112.35228368621198 -20.842869
16.81413404797975 112.35228186893093 -20.206972
16.81396730862235 112.35226532805423 -20.137657
16.813960880428336 112.35226476850333 -19.624975
16.813954466712183 112.35226413447792 -19.612436
16.81392240992899 112.35226090359026 -19.962109
16.813922402347853 112.35226094258206 -19.700415
16.813915991599774 112.3522602932759 -19.792246
16.81390958249561 112.352259635521 -19.941074
16.813819787122043 112.35225083585446 -19.187546
16.81367225238068 112.35223630478795 -18.980196
16.81363376119861 112.35223255536583 -18.666193
16.813582435565895 112.35222756448968 -18.195787
16.813377103124086 112.35220788301494 -14.456888
16.813364305479567 112.35220647450112 -15.42016
16.813364321697367 112.35220639108366 -15.980036
16.813312960755937 112.35220164178281 -13.892121
16.81324247081221 112.35219446361542 -15.360192
16.81324244433607 112.35219459979895 -14.4461565
16.813120644879856 112.35218250117595 -14.929033
16.81312063449333 112.3521825546009 -14.570454
16.813120644265595 112.35218250433546 -14.907827
16.81308858840963 112.35217934784012 -14.840082
16.813075763569756 112.35217810493666 -14.680042
16.812992456227974 112.35216975370479 -15.444291
16.812992455358597 112.35216975817667 -15.414276
16.8129860322266 112.35216919281234 -14.954232
16.81297323183158 112.35216782185317 -15.645187
16.812915572769516 112.35216198066486 -16.542551
16.81270404866073 112.35214129750113 -14.720761
16.81266561906586 112.35213740484866 -15.242767
16.812646391354594 112.35213552730914 -15.038275
16.812639993769597 112.35213484186208 -15.369592
16.812633563943027 112.35213432242398 -14.586371
16.812550234658904 112.35212600378341 -15.2825
16.81245420004812 112.35211640763313 -15.16344
16.812377397176228 112.35210860671285 -15.8701105
16.812345417816132 112.35210525288726 -16.855606
16.81233262081511 112.35210393410702 -17.09618
16.812287806100798 112.35209944511332 -17.086685
16.811493562064555 112.35201917636796 -24.088196
16.811320394172295 112.35200174087268 -26.35959
16.81123057260305 112.35199289919659 -26.083296
16.810992768590825 112.35196978480585 -26.14522
16.810973495889897 112.35196784763656 -26.591322
16.810889917100152 112.35195973760574 -26.623457
16.810883501224435 112.35195904446816 -27.091335
16.81084492528505 112.35195531382007 -27.025576
16.8107034686388 112.3519416418833 -26.688309
16.8106455890537 112.35193611834094 -26.04609
16.810632768023584 112.35193469176274 -27.23712
